1089
	4
		3	8.77841
		0	8.68594
		2	8.80045
		1	8.78004
	0
	0
	2
		9	16.595
		10	16.415
	0
	0
	0
	0
	0
	0
	0
	0
	0
	0
	0
	0
	0
	0
	0
	0
	0
	0
	0
	0
	0
	0
	0
	0
	0
	0
	0
	0
	0
	0
	0
	0
	0
	0
	0
	0
	0
	0
	0
	0
	2
		11	15.7589
		12	16.1685
	0
	0
	0
	0
	0
	0
	0
	0
	0
	0
	0
	0
	1
		4	8.06383
	0
	0
	0
	0
	0
	0
	0
	0
	0
	0
	0
	1
		4	8.11814
	0
	0
	2
		12	15.5477
		11	16.4189
	0
	0
	0
	0
	0
	0
	0
	0
	1
		4	8.18885
	0
	2
		9	14.7663
		10	15.1956
	0
	0
	0
	0
	0
	0
	0
	0
	0
	0
	0
	0
	0
	1
		4	8.24352
	0
	2
		10	15.2448
		9	15.4412
	0
	0
	0
	0
	0
	0
	0
	0
	0
	0
	0
	2
		10	14.2309
		9	15.5408
	0
	0
	0
	0
	0
	0
	0
	0
	0
	0
	0
	0
	2
		12	14.4223
		11	15.1576
	0
	0
	2
		9	15.4482
		10	14.4046
	0
	0
	4
		7	6.84515
		8	7.10378
		5	6.75903
		6	7.02952
	0
	0
	0
	0
	0
	0
	0
	0
	0
	2
		11	15.6772
		12	14.7731
	0
	4
		6	7.25798
		5	6.87798
		8	7.16346
		7	7.13174
	0
	0
	0
	0
	0
	0
	0
	0
	0
	2
		11	15.2584
		12	14.3697
	0
	4
		5	7.03739
		7	7.22612
		6	7.33816
		8	7.23141
	0
	0
	0
	0
	0
	0
	0
	0
	2
		10	13.4587
		9	13.9587
	0
	0
	0
	0
	2
		11	14.9468
		12	13.7514
	0
	4
		6	7.13413
		7	7.28202
		8	7.019
		5	7.15084
	0
	0
	0
	0
	0
	0
	0
	0
	2
		9	14.1013
		10	14.0103
	2
		12	13.7494
		11	13.4914
	0
	0
	0
	0
	1
		4	6.04527
	0
	0
	0
	0
	0
	2
		10	13.4944
		9	15.1403
	0
	0
	0
	2
		9	14.9738
		10	13.8148
	2
		12	12.6466
		11	13.5539
	1
		4	6.19827
	0
	0
	0
	0
	0
	0
	2
		12	13.6129
		11	13.7087
	0
	0
	2
		9	13.8802
		10	13.2367
	0
	1
		4	6.32591
	0
	0
	0
	0
	0
	0
	0
	0
	0
	2
		10	12.3247
		9	12.8728
	2
		11	14.1824
		12	13.7727
	1
		4	6.58783
	0
	2
		9	13.7252
		10	12.6005
	0
	1
		4	6.68361
	0
	0
	0
	0
	0
	0
	2
		12	14.1376
		11	13.0553
	1
		4	6.69252
	0
	2
		10	12.3946
		9	13.1426
	2
		11	14.1314
		12	13.622
	1
		4	6.58608
	0
	0
	0
	0
	0
	2
		10	12.295
		9	12.8037
	0
	0
	0
	0
	2
		12	13.5655
		11	14.1022
	1
		4	6.55122
	0
	2
		10	11.9662
		9	11.5636
	0
	0
	0
	0
	0
	0
	4
		8	4.93305
		5	5.38035
		6	4.99078
		7	5.11564
	2
		10	12.5944
		9	12.1864
	2
		12	12.7955
		11	13.4715
	0
	0
	0
	2
		12	13.0973
		11	13.7752
	1
		4	6.39314
	0
	0
	0
	0
	4
		8	5.5506
		6	5.2685
		5	5.07205
		7	5.01229
	2
		10	12.6711
		9	12.0386
	0
	0
	0
	2
		9	12.5588
		10	13.5006
	2
		11	12.8296
		12	12.1985
	0
	0
	0
	0
	0
	4
		5	5.02048
		7	5.15315
		6	5.34863
		8	5.56606
	0
	2
		12	12.2731
		11	12.5585
	0
	0
	2
		9	13.1432
		10	12.4447
	2
		12	10.8647
		11	12.5274
	0
	0
	2
		9	13.319
		10	12.4594
	2
		12	11.1388
		11	11.8337
	0
	4
		8	5.58939
		6	5.7015
		7	5.51435
		5	5.37045
	0
	0
	0
	4
		8	5.80336
		7	5.44665
		6	5.4979
		5	5.32791
	2
		9	12.9823
		10	12.2366
	2
		12	11.7539
		11	11.3201
	0
	0
	2
		10	12.0097
		9	13.5632
	2
		12	11.8575
		11	10.8108
	0
	4
		5	5.52199
		6	5.7588
		8	5.69496
		7	5.7298
	0
	0
	0
	4
		6	5.72027
		7	5.63016
		8	5.736
		5	5.54717
	0
	2
		11	11.0108
		12	11.3178
	1
		4	4.96429
	0
	2
		9	12.887
		10	11.0918
	2
		11	11.4372
		12	12.1119
	0
	0
	2
		10	11.4732
		9	13.2442
	2
		11	11.3576
		12	11.3526
	0
	4
		7	5.71891
		5	5.20554
		8	5.12938
		6	5.6618
	2
		9	12.5771
		10	10.651
	0
	1
		4	4.52657
	0
	2
		9	12.9404
		10	10.9466
	2
		11	12.1047
		12	12.4991
	0
	0
	2
		9	11.3552
		10	10.3591
	2
		11	11.9059
		12	12.2496
	0
	0
	0
	0
	1
		4	4.36922
	4
		7	5.78696
		6	4.95225
		8	4.43048
		5	5.20637
	2
		10	10.3374
		9	11.2145
	2
		12	11.9108
		11	12.7614
	0
	0
	2
		10	10.4755
		9	10.7281
	2
		11	12.0893
		12	12.7433
	0
	0
	2
		9	10.6522
		10	10.6324
	0
	1
		4	4.59117
	0
	2
		10	10.5631
		9	10.1956
	0
	1
		4	4.76066
	0
	2
		10	11.7153
		9	10.3114
	2
		11	12.0228
		12	11.8609
	0
	0
	2
		10	12.1265
		9	10.3012
	2
		12	10.9706
		11	12.9943
	1
		4	4.81081
	0
	0
	2
		11	11.7931
		12	10.9058
	1
		4	4.94773
	0
	2
		9	10.3769
		10	10.8182
	2
		12	10.7505
		11	11.4416
	0
	0
	2
		10	11.5718
		9	10.6333
	2
		11	11.6642
		12	10.8251
	1
		4	5.00748
	0
	2
		10	10.6589
		9	10.9981
	0
	1
		4	4.89762
	0
	2
		9	11.7764
		10	10.4329
	2
		12	10.2304
		11	10.934
	0
	0
	2
		10	10.9156
		9	11.4191
	2
		12	11.6971
		11	10.3193
	1
		4	4.96755
	4
		7	4.17586
		6	3.87499
		8	3.66101
		5	4.58414
	2
		9	11.3553
		10	10.7077
	2
		12	11.0297
		11	11.2238
	1
		4	5.02527
	0
	0
	2
		12	10.2864
		11	10.0281
	1
		4	5.1389
	0
	2
		9	11.1558
		10	10.3108
	2
		12	9.91329
		11	10.7267
	0
	4
		5	4.12673
		8	3.71995
		7	3.86551
		6	3.69887
	2
		9	11.4724
		10	10.7645
	2
		11	10.6362
		12	10.1229
	1
		4	4.99126
	0
	2
		9	10.9862
		10	9.83965
	0
	1
		4	4.95521
	0
	2
		10	9.88748
		9	10.9002
	2
		11	11.008
		12	9.62588
	0
	4
		8	3.75021
		7	3.73049
		5	3.90478
		6	3.61746
	2
		10	9.49267
		9	10.6791
	2
		11	10.3793
		12	9.87888
	0
	0
	2
		10	9.91645
		9	10.2093
	2
		12	10.3713
		11	10.4895
	1
		4	4.45123
	0
	2
		9	11.068
		10	10.171
	2
		11	10.3003
		12	10.7201
	0
	4
		5	3.74556
		7	3.64919
		8	4.06387
		6	3.86591
	2
		9	10.418
		10	9.02643
	2
		11	10.7386
		12	10.9026
	0
	4
		5	3.72861
		8	4.12123
		6	3.9038
		7	3.83061
	2
		9	11.0861
		10	9.20242
	2
		12	10.4701
		11	10.244
	0
	0
	2
		10	8.80111
		9	9.82371
	0
	1
		4	3.81853
	4
		7	3.95087
		5	3.81811
		8	4.10352
		6	3.9656
	2
		9	10.3417
		10	8.90778
	2
		12	10.4919
		11	9.90299
	0
	4
		5	3.93568
		8	4.18412
		6	4.04022
		7	3.92998
	2
		9	9.37986
		10	8.98028
	2
		11	10.9722
		12	10.275
	1
		4	3.99544
	0
	2
		9	10.5828
		10	9.27744
	2
		11	11.0442
		12	10.3793
	0
	4
		6	4.07582
		5	3.9704
		7	4.14566
		8	4.30566
	2
		10	8.92659
		9	9.59161
	2
		12	9.86508
		11	10.4734
	0
	4
		5	3.96848
		7	4.06665
		8	3.734
		6	4.06428
	2
		9	8.99207
		10	9.1388
	2
		12	11.2235
		11	10.1733
	1
		4	3.67216
	0
	2
		9	9.67114
		10	9.38823
	2
		11	10.8186
		12	10.0087
	0
	4
		5	4.07333
		6	4.33831
		7	4.12206
		8	3.72532
	2
		10	8.85419
		9	8.8944
	2
		12	10.1757
		11	10.3605
	0
	4
		7	4.192
		5	4.12502
		8	3.68011
		6	4.08597
	2
		10	10.2352
		9	8.7312
	2
		11	10.0314
		12	9.82347
	1
		4	3.33328
	4
		6	3.74122
		5	3.98398
		7	4.27775
		8	3.7989
	2
		9	8.80005
		10	9.41484
	2
		11	10.8668
		12	9.77082
	0
	0
	2
		9	9.26643
		10	9.80995
	2
		12	9.43827
		11	9.49136
	0
	4
		7	4.16816
		5	4.20073
		6	3.78371
		8	3.53582
	2
		9	8.46445
		10	10.2429
	2
		12	10.079
		11	10.2388
	1
		4	3.14998
	4
		8	3.3222
		6	3.83176
		7	3.81486
		5	4.25642
	2
		10	9.93752
		9	9.27556
	2
		12	9.06507
		11	9.01134
	1
		4	3.07289
	0
	2
		9	9.11096
		10	10.5878
	2
		11	10.6528
		12	8.02787
	0
	0
	2
		10	9.69967
		9	9.23372
	2
		11	10.0546
		12	8.14822
	1
		4	3.18436
	4
		8	3.11811
		7	3.39987
		5	3.73245
		6	3.43778
	2
		9	9.85284
		10	9.52962
	2
		11	9.67306
		12	8.07352
	1
		4	3.27033
	0
	2
		10	9.56499
		9	10.2375
	2
		12	8.12548
		11	8.99188
	0
	0
	2
		9	9.025
		10	9.77002
	2
		12	7.64022
		11	9.29494
	1
		4	3.33691
	0
	2
		10	9.62096
		9	9.14377
	2
		11	7.55568
		12	8.59763
	1
		4	3.30214
	4
		7	3.23808
		8	2.71464
		6	3.15234
		5	3.22071
	2
		10	9.32947
		9	10.2452
	2
		12	8.18424
		11	7.64138
	0
	0
	2
		9	10.2318
		10	8.70063
	2
		11	7.81883
		12	7.86462
	1
		4	3.48042
	4
		5	3.5008
		6	3.0525
		8	2.77726
		7	3.12866
	2
		10	8.03316
		9	9.99912
	2
		12	8.12154
		11	7.37419
	1
		4	3.40632
	0
	2
		10	7.62828
		9	9.80164
	2
		11	8.31819
		12	8.81888
	1
		4	3.45963
	0
	2
		9	10.6362
		10	7.39058
	2
		12	8.882
		11	7.72209
	1
		4	3.45161
	4
		5	3.23815
		7	2.9631
		6	2.85896
		8	2.4998
	2
		9	9.51334
		10	7.36869
	2
		12	8.60192
		11	7.87969
	1
		4	3.48671
	0
	2
		10	7.97924
		9	9.14933
	2
		11	7.97409
		12	9.18254
	1
		4	3.4967
	0
	2
		9	9.48575
		10	7.86376
	2
		12	8.56211
		11	9.26302
	1
		4	3.68925
	4
		8	2.43795
		6	2.4259
		7	2.79952
		5	3.03269
	2
		10	7.74555
		9	8.9012
	2
		11	9.02231
		12	8.25497
	1
		4	3.64175
	0
	2
		10	7.11315
		9	7.99574
	2
		12	8.91215
		11	8.31001
	1
		4	3.13583
	0
	2
		10	7.66394
		9	7.14206
	2
		11	8.8891
		12	9.2601
	0
	4
		5	2.77582
		6	2.39767
		8	2.58613
		7	2.38736
	2
		9	7.51021
		10	7.82197
	2
		11	8.74445
		12	8.89226
	1
		4	3.09165
	4
		8	2.52894
		6	2.47312
		7	2.39651
		5	2.69237
	2
		9	7.21611
		10	7.24978
	2
		11	8.60693
		12	9.11319
	1
		4	3.17932
	0
	2
		10	8.02819
		9	8.02288
	2
		12	8.60341
		11	9.08724
	1
		4	3.10603
	4
		6	2.55006
		5	2.46671
		7	2.49882
		8	2.69239
	2
		10	7.79625
		9	7.14888
	2
		12	8.77118
		11	9.34332
	0
	4
		6	2.6038
		8	2.82732
		5	2.438
		7	2.45633
	2
		9	7.19841
		10	8.49772
	2
		11	9.60732
		12	7.38947
	1
		4	2.82638
	0
	2
		9	7.14771
		10	7.85049
	2
		11	8.70433
		12	7.4942
	1
		4	2.74987
	4
		5	2.38925
		7	2.55998
		6	2.56604
		8	2.79238
	2
		9	7.38242
		10	8.48855
	2
		12	7.61737
		11	8.57546
	0
	4
		7	2.68921
		8	2.37554
		5	2.52966
		6	2.76464
	2
		9	7.33551
		10	8.06906
	2
		12	7.24958
		11	8.7494
	1
		4	2.7371
	0
	2
		9	7.52626
		10	7.8645
	2
		11	6.85561
		12	6.76702
	1
		4	2.53676
	4
		8	2.3872
		5	2.59602
		7	2.59859
		6	2.89341
	2
		9	8.48947
		10	7.68712
	2
		12	6.85182
		11	7.16063
	0
	4
		6	2.87599
		7	2.69937
		5	2.72048
		8	2.46708
	2
		9	7.98859
		10	7.78168
	2
		12	6.84102
		11	7.82667
	1
		4	2.47413
	4
		8	2.39791
		5	2.71589
		6	2.50627
		7	2.8761
	2
		10	7.60722
		9	8.10693
	2
		11	6.60734
		12	7.14401
	0
	4
		8	2.35903
		6	2.36719
		7	2.61326
		5	2.79781
	2
		9	8.3352
		10	7.35258
	2
		12	7.55937
		11	6.86341
	1
		4	2.31068
	4
		8	2.36307
		6	2.44023
		5	2.80432
		7	2.74343
	2
		9	8.30191
		10	7.28561
	2
		11	6.64207
		12	6.87742
	1
		4	2.2732
	4
		7	2.46021
		8	2.25177
		6	2.51151
		5	2.82817
	2
		9	8.82433
		10	6.52101
	2
		11	6.38824
		12	7.13606
	1
		4	2.1908
	4
		7	2.5219
		5	2.94325
		6	2.46197
		8	2.21488
	2
		9	8.12824
		10	6.16152
	2
		12	7.74237
		11	6.72481
	0
	4
		7	2.54122
		5	2.91585
		8	2.27441
		6	2.37964
	2
		10	6.12614
		9	7.88945
	2
		12	7.66799
		11	6.97872
	1
		4	1.9039
	4
		7	2.23604
		5	2.21278
		8	2.16023
		6	2.41525
	2
		9	8.00237
		10	7.04092
	2
		11	7.20457
		12	7.02249
	1
		4	1.87143
	0
	2
		10	6.45344
		9	6.8858
	2
		12	6.73343
		11	6.71652
	0
	4
		6	2.08991
		8	2.081
		7	2.40159
		5	2.18266
	2
		10	6.1265
		9	6.8262
	2
		11	7.87828
		12	7.47256
	1
		4	1.94746
	4
		8	2.01775
		6	2.26536
		7	2.32368
		5	2.50726
	2
		9	6.93347
		10	6.16319
	2
		12	7.18926
		11	7.67686
	1
		4	1.99426
	4
		6	1.93435
		7	2.14311
		5	2.45507
		8	1.98531
	2
		9	6.65685
		10	5.92012
	2
		12	7.59557
		11	6.99428
	0
	0
	2
		10	7.18632
		9	6.1863
	2
		12	7.19969
		11	7.73724
	1
		4	2.04463
	4
		5	2.26912
		6	2.0068
		8	1.876
		7	2.14231
	2
		10	6.37172
		9	6.12963
	2
		12	7.85372
		11	7.85905
	1
		4	2.08216
	4
		8	1.79271
		6	2.00491
		7	2.06692
		5	2.28346
	2
		10	6.00363
		9	6.01463
	2
		12	7.03235
		11	7.59952
	1
		4	2.12631
	0
	2
		10	6.29436
		9	5.96001
	2
		12	6.79111
		11	7.93736
	1
		4	2.14524
	4
		5	2.21423
		6	1.94469
		8	1.38074
		7	1.98349
	2
		10	7.05265
		9	5.95843
	2
		11	7.52393
		12	6.81496
	1
		4	2.15516
	4
		7	1.95103
		6	1.87623
		8	1.43556
		5	2.00718
	2
		10	6.21303
		9	6.67101
	2
		11	7.64398
		12	6.54222
	1
		4	2.24492
	0
	2
		10	6.60673
		9	5.96681
	2
		12	6.05902
		11	6.6745
	1
		4	2.21058
	4
		7	1.93372
		5	2.05107
		8	1.48696
		6	1.40393
	2
		10	6.40596
		9	6.80143
	2
		11	6.57218
		12	6.20595
	1
		4	2.20051
	0
	2
		9	6.86838
		10	6.26134
	2
		12	6.18773
		11	6.90786
	1
		4	1.78557
	4
		6	1.40474
		8	1.48243
		5	1.92832
		7	1.78175
	2
		9	5.95963
		10	6.59634
	2
		11	5.66888
		12	6.54264
	1
		4	1.87589
	4
		7	1.40548
		6	1.42133
		8	1.46268
		5	1.92014
	2
		10	6.48146
		9	6.7243
	2
		11	5.68814
		12	6.44786
	1
		4	1.83989
	4
		5	1.8432
		8	1.50603
		6	1.41989
		7	1.40958
	2
		10	6.7673
		9	7.19085
	2
		12	6.28542
		11	5.40537
	1
		4	1.85416
	0
	2
		9	7.30984
		10	6.16614
	2
		12	5.91127
		11	6.70185
	1
		4	1.81063
	4
		5	1.38801
		6	1.4559
		8	1.5675
		7	1.42131
	2
		10	6.223
		9	7.04308
	2
		12	5.71317
		11	5.93358
	1
		4	1.74004
	4
		7	1.4335
		5	1.3619
		6	1.48486
		8	1.58068
	2
		10	5.41714
		9	7.00393
	2
		11	6.46916
		12	5.49384
	1
		4	1.72966
	0
	2
		10	6.01099
		9	6.80845
	2
		11	6.5868
		12	5.98252
	1
		4	1.64971
	4
		5	1.43021
		6	1.4517
		8	1.52691
		7	1.4616
	2
		10	5.82786
		9	6.1913
	2
		12	5.54548
		11	6.76662
	1
		4	1.59763
	4
		6	1.5675
		5	1.45713
		7	1.48845
		8	1.01501
	2
		10	5.03404
		9	6.03218
	2
		11	5.75524
		12	6.44702
	1
		4	1.61601
	0
	2
		10	5.56271
		9	6.40408
	2
		11	6.07165
		12	5.64373
	1
		4	1.51566
	4
		8	1.09819
		7	1.57409
		5	1.41197
		6	1.49998
	2
		10	5.46195
		9	5.6784
	2
		12	4.892
		11	5.55082
	0
	4
		7	1.60805
		6	1.50837
		5	1.53218
		8	1.16685
	2
		9	5.22237
		10	5.3508
	2
		12	6.71739
		11	5.96641
	1
		4	1.50369
	4
		7	1.6413
		8	1.03364
		6	1.07132
		5	1.4595
	2
		10	4.65139
		9	6.06045
	2
		11	6.85066
		12	6.21736
	1
		4	1.46888
	4
		6	1.12127
		8	1.13824
		5	1.5898
		7	1.48314
	2
		10	4.29163
		9	6.04227
	2
		11	6.01804
		12	6.17584
	1
		4	1.41125
	4
		6	1.16958
		7	1.50448
		8	1.14216
		5	1.63237
	2
		9	5.97804
		10	4.20803
	2
		12	6.07084
		11	6.51118
	1
		4	1.40517
	4
		5	1.67373
		8	1.17559
		6	1.21581
		7	1.16912
	2
		10	4.63067
		9	6.12389
	2
		11	5.68116
		12	6.27821
	1
		4	1.334
	4
		5	1.60431
		6	1.173
		7	1.18101
		8	1.13254
	2
		10	4.56356
		9	5.67064
	2
		11	6.9109
		12	5.87374
	1
		4	1.25172
	4
		6	1.20706
		5	1.59503
		8	1.19215
		7	1.20018
	2
		9	5.89662
		10	4.64323
	2
		12	5.37749
		11	5.85079
	1
		4	0.880398
	4
		8	1.00843
		6	1.12469
		5	1.18619
		7	0.984991
	2
		9	5.75845
		10	4.36857
	2
		11	5.87111
		12	5.36045
	1
		4	0.885794
	4
		7	1.20914
		8	1.0142
		6	1.09076
		5	1.20307
	2
		9	5.09146
		10	4.45513
	2
		12	6.43668
		11	5.80017
	1
		4	0.898489
	4
		5	1.22683
		8	1.15594
		7	1.12242
		6	1.10551
	2
		10	4.43074
		9	4.41901
	2
		11	5.47992
		12	5.49071
	1
		4	0.912879
	4
		7	1.15578
		8	1.09228
		5	1.19648
		6	1.1627
	2
		9	4.35607
		10	5.17275
	2
		11	5.74964
		12	5.0188
	1
		4	0.922467
	4
		7	1.1907
		5	1.22374
		6	1.03713
		8	1.0504
	2
		10	5.62847
		9	4.83055
	2
		11	5.37361
		12	4.97613
	0
	4
		8	1.1152
		5	1.10656
		6	1.03831
		7	1.15724
	2
		10	5.67914
		9	4.41744
	2
		12	5.12071
		11	5.78366
	1
		4	0.946895
	4
		6	1.14485
		8	1.07858
		7	1.11666
		5	1.17603
	2
		10	5.55838
		9	4.56711
	2
		11	5.10487
		12	4.94982
	1
		4	0.958392
	4
		7	1.15236
		8	0.994485
		5	1.04961
		6	1.07574
	2
		9	5.05078
		10	5.75465
	2
		12	4.65345
		11	4.71668
	1
		4	0.976307
	4
		8	0.461091
		6	1.10074
		7	0.999938
		5	0.997689
	2
		10	5.63546
		9	5.23571
	2
		12	4.3016
		11	5.34643
	1
		4	0.982394
	4
		5	1.14201
		8	0.46835
		6	1.08701
		7	1.02909
	2
		10	5.91633
		9	4.75548
	2
		11	5.14246
		12	3.13876
	1
		4	0.992136
	4
		5	1.00919
		7	1.09585
		6	1.03529
		8	0.478944
	2
		10	5.18487
		9	4.91453
	2
		12	3.9003
		11	5.22988
	1
		4	1.01695
	0
	2
		10	5.20466
		9	5.7
	2
		12	3.70402
		11	4.46146
	1
		4	0.996119
	4
		6	0.496507
		5	1.03598
		7	1.06711
		8	0.496507
	2
		9	5.23452
		10	5.4292
	2
		11	4.03908
		12	3.50231
	1
		4	0.934845
	4
		8	0.507353
		6	0.507353
		5	1.06339
		7	1.01038
	2
		10	5.24776
		9	5.53903
	2
		11	4.40256
		12	3.71321
	1
		4	0.522059
	4
		7	0.91436
		5	1.0453
		6	0.522059
		8	0.522059
	2
		9	5.58844
		10	4.99062
	2
		12	4.41565
		11	3.64454
	1
		4	0.53763
	4
		5	1.05182
		7	0.53763
		6	0.53763
		8	0.53763
	2
		9	5.78688
		10	4.34818
	2
		11	2.8971
		12	3.5216
	1
		4	0.550092
	4
		6	0.550092
		8	0.550092
		7	0.550092
		5	1.01576
	2
		10	4.0374
		9	5.8681
	2
		12	3.4216
		11	2.94708
	1
		4	0.561765
	4
		8	0.561765
		7	0.561765
		6	0.561765
		5	0.925683
	2
		10	3.3875
		9	5.62784
	2
		12	3.82213
		11	3.50704
	1
		4	0.560137
	4
		8	0.560137
		5	0.560137
		6	0.560137
		7	0.560137
	2
		10	2.95357
		9	5.46197
	2
		12	3.55677
		11	4.28403
	1
		4	0.557975
	4
		6	0.557975
		8	0.557975
		5	0.557975
		7	0.557975
	2
		9	5.00508
		10	3.13484
	2
		11	3.31917
		12	4.12053
	1
		4	0.561275
	4
		8	0.561275
		5	0.561275
		6	0.561275
		7	0.561275
	2
		10	2.92583
		9	4.82381
	2
		12	4.03547
		11	3.6051
	1
		4	0.55381
	4
		6	0.55381
		5	0.55381
		8	0.55381
		7	0.55381
	2
		9	4.2737
		10	3.28286
	2
		11	4.13809
		12	5.08655
	1
		4	0.548897
	4
		7	0.548897
		6	0.548897
		5	0.548897
		8	0.548897
	2
		9	4.31244
		10	3.45937
	2
		12	4.36132
		11	3.71635
	1
		4	0.553513
	0
	2
		10	3.59181
		9	3.39505
	2
		11	3.83905
		12	4.2792
	1
		4	0.542279
	4
		8	0.542279
		6	0.542279
		7	0.542279
		5	0.542279
	2
		9	3.31155
		10	3.72882
	2
		11	4.49464
		12	4.39153
	1
		4	0.535189
	4
		7	0.535189
		8	0.535189
		6	0.535189
		5	0.535189
	2
		9	2.68213
		10	2.81894
	2
		11	4.87581
		12	4.62439
	1
		4	0.542279
	4
		8	0.542279
		5	0.542279
		6	0.542279
		7	0.542279
	2
		10	3.03251
		9	2.81064
	2
		11	3.93786
		12	4.66151
	1
		4	0.531618
	4
		5	0.531618
		6	0.531618
		7	0.531618
		8	0.531618
	2
		9	2.97083
		10	3.48544
	2
		12	3.99674
		11	4.29946
	1
		4	0.522978
	4
		5	0.522978
		8	0.522978
		7	0.522978
		6	0.522978
	2
		9	3.06106
		10	3.98685
	2
		11	4.4125
		12	3.8025
	1
		4	0.539216
	4
		8	0.539216
		5	0.539216
		6	0.539216
		7	0.539216
	2
		10	3.11894
		9	3.12274
	2
		12	3.38357
		11	4.88277
	1
		4	0.5
	4
		6	0.5
		5	0.5
		7	0.5
		8	0.5
	2
		10	3.45116
		9	2.80085
	2
		12	3.29604
		11	4.32381
	1
		4	0.422794
	4
		7	0.422794
		6	0.422794
		8	0.422794
		5	0.422794
	2
		9	3.49667
		10	3.25558
	2
		12	2.63389
		11	4.33315
	0
	0
	2
		10	3.02906
		9	2.95762
	2
		12	2.89174
		11	3.79666
	0
	0
	2
		10	3.27868
		9	2.99594
	2
		11	3.19857
		12	2.75168
	0
	0
	2
		10	2.95866
		9	3.91786
	2
		12	3.02024
		11	3.10551
	0
	0
	2
		9	4.21923
		10	2.87714
	2
		11	2.59971
		12	2.40774
	0
	0
	2
		10	2.94739
		9	3.61631
	2
		11	2.36134
		12	2.65555
	0
	0
	2
		9	3.88517
		10	2.44202
	2
		12	2.9297
		11	2.48625
	0
	0
	2
		9	3.71964
		10	2.17385
	2
		11	2.5389
		12	2.89319
	0
	0
	2
		9	3.63357
		10	1.82185
	2
		12	2.60948
		11	2.50182
	0
	0
	2
		10	1.9979
		9	3.69714
	2
		12	2.99466
		11	2.45085
	0
	0
	2
		9	3.11245
		10	2.08139
	2
		12	3.59357
		11	3.00861
	0
	0
	2
		9	3.12655
		10	1.94566
	2
		12	2.90893
		11	2.65304
	0
	0
	2
		10	1.99862
		9	2.85075
	2
		11	2.96882
		12	2.58234
	0
	0
	2
		9	2.64412
		10	1.96992
	2
		11	2.98279
		12	2.59071
	0
	0
	2
		10	2.01679
		9	1.80357
	2
		11	3.76439
		12	3.15408
	0
	0
	2
		9	1.79104
		10	2.12765
	2
		12	2.56003
		11	2.93869
	0
	0
	2
		10	2.41912
		9	1.51807
	2
		11	2.90127
		12	2.72491
	0
	0
	2
		10	2.28668
		9	1.63112
	2
		11	3.05026
		12	2.76726
	0
	0
	2
		10	1.70924
		9	2.1006
	2
		12	2.50203
		11	2.83735
	0
	0
	2
		9	2.2078
		10	2.06731
	2
		12	2.39071
		11	3.115
	0
	0
	2
		9	2.68274
		10	2.00298
	2
		11	3.165
		12	2.04202
	0
	0
	2
		10	1.80272
		9	2.05739
	2
		11	2.835
		12	2.00875
	0
	0
	2
		10	1.94919
		9	2.40868
	2
		12	1.82833
		11	2.47004
	0
	0
	2
		10	1.83601
		9	2.11286
	2
		11	2.32214
		12	1.84168
	0
	0
	2
		10	1.94763
		9	3.10655
	2
		11	1.94214
		12	1.49898
	0
	0
	2
		9	2.34048
		10	1.83022
	2
		12	1.29848
		11	1.52569
	0
	0
	2
		9	2.06741
		10	1.83877
	2
		12	1.42143
		11	1.72651
	0
	0
	2
		9	2.28594
		10	1.49639
	2
		11	1.57462
		12	1.92059
	0
	0
	2
		9	2.4448
		10	0.988235
	2
		11	1.33786
		12	1.99405
	0
	0
	2
		9	2.495
		10	0.949346
	2
		11	1.51933
		12	2.26197
	0
	0
	2
		10	1.10562
		9	1.94286
	2
		12	2.17287
		11	1.86929
	0
	0
	2
		9	2.16464
		10	1.03361
	2
		12	1.28806
		11	1.83036
	0
	0
	2
		10	1.13915
		9	1.74429
	2
		12	1.38892
		11	1.56488
	0
	0
	2
		10	1.21345
		9	1.75357
	2
		12	1.4881
		11	1.95286
	0
	0
	2
		9	1.38333
		10	0.997059
	2
		11	2.29524
		12	1.56071
	0
	0
	2
		10	1.35588
		9	0.982143
	2
		11	1.26
		12	1.05428
	0
	0
	2
		10	1.37059
		9	0.77619
	2
		11	1.48968
		12	1.5
	0
	0
	2
		9	0.82598
		10	1.32647
	2
		11	1.39893
		12	1.48739
	0
	0
	2
		9	0.889796
		10	0.373529
	2
		11	1.61694
		12	1.38796
	0
	0
	2
		9	1.17423
		10	0.432292
	2
		11	1.57143
		12	1.21131
	0
	0
	2
		9	1.23786
		10	0.644444
	2
		12	1.40357
		11	1.655
	0
	0
	2
		9	1.26607
		10	0.425
	2
		12	0.5
		11	1.55147
	0
	0
	2
		10	0.503205
		9	1.21
	2
		11	1.53833
		12	0.461538
	0
	0
	2
		10	0.554167
		9	1.29643
	2
		11	1.5
		12	0.47549
	0
	0
	2
		9	1.28571
		10	0.645455
	2
		11	1.49286
		12	0.590909
	0
	0
	2
		10	0.779167
		9	0.521429
	2
		12	0.595
		11	0.521429
	0
	0
	2
		9	0.611111
		10	0.577778
	2
		12	0.611111
		11	0.661111
	0
	0
	2
		10	0.633929
		9	0.7
	2
		12	0.633929
		11	0.647059
	0
	0
	2
		9	0.771429
		10	0.842857
	2
		11	0.72449
		12	0.867347
	0
	0
	2
		9	0.738095
		10	0.85
	2
		12	0.857143
		11	0.702381
	0
	0
	2
		9	0.94
		10	0.728571
	2
		12	0.82
		11	0.728571
	0
	0
	2
		9	0.714286
		10	0.85
	2
		11	0.714286
		12	0.803571
	0
	0
	2
		10	1
		9	0.708333
	2
		11	0.85
		12	0.714286
	0
	0
	2
		9	0.857143
		10	0.647059
	2
		11	0.925
		12	0.714286
	0
	0
	2
		10	0.714286
		9	1
	2
		12	0.714286
		11	0.714286
