151
-27.8066 -1.63299 0.1 272 218
wall 0 0 10 17
window 10 0 14 17
wall 24 0 10 17
window 34 0 10 17
wall 44 0 10 17
window 54 0 10 17
wall 64 0 17 17
window 81 0 14 17
wall 95 0 10 17
window 105 0 14 17
wall 119 0 17 17
window 136 0 14 17
wall 150 0 10 17
window 160 0 10 17
wall 170 0 10 17
window 180 0 10 17
wall 190 0 17 17
window 207 0 14 17
wall 221 0 10 17
window 231 0 10 17
wall 241 0 10 17
window 251 0 10 17
wall 261 0 10 17
wall 271 0 1 17
wall 0 17 272 18
wall 0 35 10 20
window 10 35 14 20
wall 24 35 10 20
window 34 35 10 20
wall 44 35 10 20
window 54 35 10 20
wall 64 35 17 20
window 81 35 14 20
wall 95 35 10 20
window 105 35 14 20
wall 119 35 17 20
window 136 35 14 20
wall 150 35 10 20
window 160 35 10 20
wall 170 35 10 20
window 180 35 10 20
wall 190 35 17 20
window 207 35 14 20
wall 221 35 10 20
window 231 35 10 20
wall 241 35 10 20
window 251 35 10 20
wall 261 35 10 20
wall 271 35 1 20
wall 0 55 272 18
wall 0 73 10 20
window 10 73 14 20
wall 24 73 10 20
window 34 73 10 20
wall 44 73 10 20
window 54 73 10 20
wall 64 73 17 20
window 81 73 14 20
wall 95 73 10 20
window 105 73 14 20
wall 119 73 17 20
window 136 73 14 20
wall 150 73 10 20
window 160 73 10 20
wall 170 73 10 20
window 180 73 10 20
wall 190 73 17 20
window 207 73 14 20
wall 221 73 10 20
window 231 73 10 20
wall 241 73 10 20
window 251 73 10 20
wall 261 73 10 20
wall 271 73 1 20
wall 0 93 272 18
wall 0 111 10 24
window 10 111 14 24
wall 24 111 10 24
window 34 111 10 24
wall 44 111 10 24
window 54 111 10 24
wall 64 111 17 24
window 81 111 14 24
wall 95 111 10 24
window 105 111 14 24
wall 119 111 17 24
window 136 111 14 24
wall 150 111 10 24
window 160 111 10 24
wall 170 111 10 24
window 180 111 10 24
wall 190 111 17 24
window 207 111 14 24
wall 221 111 10 24
window 231 111 10 24
wall 241 111 10 24
window 251 111 10 24
wall 261 111 10 24
wall 271 111 1 24
wall 0 135 272 18
wall 0 153 10 14
window 10 153 14 14
wall 24 153 10 14
window 34 153 10 14
wall 44 153 10 14
window 54 153 10 14
wall 64 153 17 14
window 81 153 14 14
wall 95 153 10 14
window 105 153 14 14
wall 119 153 17 14
window 136 153 14 14
wall 150 153 10 14
window 160 153 10 14
wall 170 153 10 14
window 180 153 10 14
wall 190 153 17 14
window 207 153 14 14
wall 221 153 10 14
window 231 153 10 14
wall 241 153 10 14
window 251 153 10 14
wall 261 153 10 14
wall 271 153 1 14
wall 0 167 272 18
wall 0 185 10 14
window 10 185 14 14
wall 24 185 10 14
window 34 185 10 14
wall 44 185 10 14
window 54 185 10 14
wall 64 185 17 14
window 81 185 14 14
wall 95 185 10 14
window 105 185 14 14
wall 119 185 17 14
window 136 185 14 14
wall 150 185 10 14
window 160 185 10 14
wall 170 185 10 14
window 180 185 10 14
wall 190 185 17 14
window 207 185 14 14
wall 221 185 10 14
window 231 185 10 14
wall 241 185 10 14
window 251 185 10 14
wall 261 185 10 14
wall 271 185 1 14
wall 0 199 272 18
wall 0 217 272 1
