1693
	1
		0	12.9936
	0
	0
	2
		3	3.41597
		4	3.00621
	0
	2
		8	5.32006
		7	5.76471
	0
	0
	0
	0
	0
	0
	0
	0
	0
	0
	0
	0
	0
	0
	0
	0
	0
	0
	0
	0
	0
	0
	0
	0
	0
	0
	0
	0
	0
	0
	0
	0
	0
	0
	0
	0
	0
	0
	0
	0
	0
	0
	0
	0
	0
	0
	0
	0
	0
	0
	0
	0
	0
	0
	0
	0
	0
	0
	0
	0
	0
	0
	0
	0
	0
	0
	0
	0
	0
	0
	0
	0
	0
	0
	0
	0
	0
	0
	0
	0
	0
	0
	0
	0
	0
	0
	0
	0
	2
		5	2.38345
		6	2.18723
	0
	2
		10	3.94928
		9	4.80784
	0
	0
	0
	0
	0
	0
	0
	0
	0
	0
	0
	0
	0
	0
	0
	0
	0
	0
	0
	0
	0
	0
	0
	0
	1
		1	12.3602
	0
	0
	0
	0
	0
	0
	0
	0
	2
		5	1.96025
		6	2.08048
	0
	2
		10	3.26667
		9	4.12083
	0
	0
	0
	0
	0
	0
	0
	0
	0
	0
	0
	0
	0
	0
	0
	0
	0
	0
	0
	0
	0
	0
	0
	0
	0
	0
	0
	0
	0
	0
	0
	0
	0
	0
	0
	0
	0
	0
	0
	0
	0
	0
	0
	0
	0
	0
	0
	0
	0
	1
		2	11.4975
	0
	0
	2
		7	4.14118
		8	3.71523
	0
	0
	0
	0
	0
	0
	0
	0
	0
	0
	0
	0
	0
	0
	0
	0
	0
	2
		7	3.32596
		8	3.20187
	0
	0
	0
	0
	0
	0
	0
	0
	0
	0
	0
	0
	0
	0
	0
	0
	0
	2
		7	3.46667
		8	2.91472
	0
	0
	0
	2
		3	1.83344
		4	2.08074
	0
	0
	0
	0
	0
	0
	0
	0
	0
	0
	0
	0
	0
	2
		7	3.26814
		8	2.65378
	0
	0
	0
	0
	0
	0
	0
	0
	0
	0
	0
	0
	0
	0
	0
	0
	0
	0
	0
	0
	0
	2
		3	1.93004
		4	2.42338
	0
	0
	0
	0
	0
	0
	0
	0
	0
	0
	0
	0
	0
	0
	2
		10	2.85154
		9	3.5098
	0
	0
	0
	0
	0
	0
	1
		1	10.6585
	0
	0
	0
	0
	0
	0
	0
	0
	0
	0
	2
		10	2.6564
		9	2.87834
	0
	0
	0
	0
	0
	0
	0
	0
	0
	0
	0
	0
	0
	0
	0
	0
	0
	2
		10	2.54052
		9	2.77745
	0
	0
	0
	2
		6	1.4337
		5	1.28534
	0
	0
	0
	0
	0
	0
	0
	0
	0
	0
	0
	0
	0
	2
		9	2.3719
		10	2.04183
	0
	0
	0
	0
	0
	0
	0
	0
	0
	0
	0
	0
	0
	1
		2	10.0838
	0
	0
	0
	2
		10	2.19346
		9	2.68399
	0
	0
	0
	2
		5	1.09574
		6	1.49199
	0
	0
	0
	0
	0
	0
	0
	0
	0
	0
	0
	0
	2
		8	2.7049
		7	3.1451
	2
		9	1.93725
		10	1.50514
	0
	0
	0
	0
	0
	0
	0
	0
	2
		3	2.1103
		4	2.07446
	0
	0
	0
	0
	0
	0
	0
	2
		7	2.11373
		8	2.68908
	0
	0
	0
	0
	2
		5	0.75
		6	1.82814
	0
	0
	0
	0
	0
	0
	0
	0
	0
	0
	0
	0
	2
		7	2.78922
		8	2.1648
	0
	0
	0
	0
	0
	0
	0
	0
	0
	2
		4	1.41504
		3	2.1097
	0
	0
	0
	0
	0
	0
	0
	2
		7	2.29739
		8	2.25098
	0
	0
	0
	0
	0
	0
	0
	0
	0
	0
	0
	0
	0
	0
	0
	0
	0
	2
		8	1.36695
		7	2.59379
	0
	0
	0
	0
	0
	0
	0
	1
		1	8.98588
	0
	2
		4	1.28059
		3	1.23754
	0
	0
	0
	0
	0
	0
	0
	2
		7	2.12157
		8	1.73739
	2
		10	1.20719
		9	2.15686
	0
	0
	0
	0
	0
	0
	0
	0
	0
	2
		5	0.574194
		6	1.34394
	0
	0
	0
	0
	0
	0
	2
		8	1.4071
		7	1.42314
	2
		10	1.16503
		9	1.26667
	0
	0
	0
	0
	0
	0
	0
	0
	2
		3	1.14462
		4	1.45714
	0
	0
	0
	0
	0
	0
	0
	0
	2
		10	1.50654
		9	1.61961
	0
	0
	0
	0
	0
	0
	0
	0
	0
	2
		5	0.636
		6	1.23636
	0
	0
	0
	1
		2	8.43381
	0
	0
	0
	2
		10	1.50327
		9	1.43137
	0
	0
	0
	0
	0
	0
	0
	0
	2
		3	1.44667
		4	1.30476
	0
	0
	0
	0
	0
	0
	0
	0
	2
		9	1.07059
		10	1.34967
	0
	0
	0
	0
	0
	0
	0
	0
	0
	2
		6	0.689474
		5	0.647368
	0
	0
	0
	0
	0
	0
	2
		8	0.650327
		7	1.62353
	2
		9	1.27451
		10	0.643791
	0
	0
	0
	0
	0
	0
	0
	0
	0
	0
	0
	0
	0
	0
	0
	0
	2
		8	0.545098
		7	0.545098
	2
		9	0.745098
		10	0.717647
	0
	0
	0
	0
	0
	0
	0
	0
	0
	2
		5	0.746154
		6	0.792308
	0
	0
	0
	0
	0
	0
	2
		7	0.583333
		8	0.843137
	2
		10	0.808824
		9	0.980392
	0
	0
	0
	0
	0
	0
	0
	0
	0
	0
	0
	0
	0
	0
	2
		4	0.855556
		3	0.966667
	0
	2
		8	0.588235
		7	0.588235
	2
		10	0.588235
		9	0.973856
	0
	0
	0
	0
	0
	0
	1
		1	7.78615
	0
	0
	2
		6	0.885714
		5	0.985714
	0
	0
	0
	0
	0
	0
	2
		7	0.588235
		8	0.588235
	0
	0
	0
	0
	0
	0
	0
	0
	0
	0
	0
	0
	0
	0
	0
	2
		3	0.866667
		4	0.866667
	0
	2
		8	0.960784
		7	0.588235
	2
		10	1
		9	0.588235
	0
	0
	0
	0
	0
	0
	0
	0
	0
	2
		6	1
		5	0.7
	0
	0
	0
	0
	0
	0
	0
	0
	0
	0
	0
	0
	0
	0
	0
	0
	0
	0
	0
	0
	0
	1
		2	7.2118
	0
	0
	0
	0
	0
	0
	0
	0
	0
	0
	0
	0
	0
	0
	0
	0
	0
	0
	0
	0
	0
	0
	0
	0
	0
	0
	0
	0
	0
	0
	0
	0
	0
	0
	0
	0
	0
	0
	0
	0
	0
	0
	0
	0
	0
	0
	0
	0
	0
	0
	0
	0
	0
	0
	0
	0
	0
	0
	0
	0
	0
	0
	0
	0
	0
	0
	0
	0
	0
	0
	0
	0
	0
	0
	0
	0
	0
	0
	0
	0
	0
	0
	0
	0
	0
	0
	0
	0
	0
	0
	0
	0
	0
	0
	0
	0
	0
	0
	0
	0
	1
		1	6.64824
	0
	0
	0
	0
	0
	0
	0
	0
	0
	0
	0
	0
	0
	0
	0
	0
	0
	0
	0
	0
	0
	0
	0
	0
	0
	0
	0
	0
	0
	0
	0
	0
	0
	0
	0
	0
	0
	0
	0
	0
	0
	0
	0
	0
	0
	0
	0
	0
	0
	0
	0
	0
	0
	0
	0
	0
	0
	0
	0
	0
	1
		2	6.20881
	0
	0
	0
	0
	0
	0
	0
	0
	0
	0
	0
	0
	0
	0
	0
	0
	0
	0
	0
	0
	0
	0
	0
	0
	0
	0
	0
	0
	0
	0
	0
	0
	0
	0
	0
	0
	0
	0
	0
	0
	0
	0
	0
	0
	0
	0
	0
	0
	0
	0
	0
	0
	0
	0
	0
	0
	0
	0
	0
	0
	0
	0
	0
	0
	0
	0
	0
	0
	0
	0
	0
	0
	0
	0
	0
	0
	0
	0
	0
	0
	0
	0
	0
	0
	0
	0
	0
	0
	0
	0
	0
	0
	0
	0
	0
	0
	0
	0
	0
	0
	1
		1	5.27444
	0
	0
	0
	0
	0
	0
	0
	0
	0
	0
	0
	0
	0
	0
	0
	0
	0
	0
	0
	0
	0
	0
	0
	0
	0
	0
	0
	0
	0
	0
	0
	0
	0
	0
	0
	0
	0
	0
	0
	0
	0
	0
	0
	0
	0
	0
	0
	0
	0
	0
	0
	0
	0
	0
	0
	0
	0
	0
	0
	0
	1
		2	4.90145
	0
	0
	0
	0
	0
	0
	0
	0
	0
	0
	0
	0
	0
	0
	0
	0
	0
	0
	0
	0
	0
	0
	0
	0
	0
	0
	0
	0
	0
	0
	0
	0
	0
	0
	0
	0
	0
	0
	0
	0
	0
	0
	0
	0
	0
	0
	0
	0
	0
	0
	0
	0
	0
	0
	0
	0
	0
	0
	0
	0
	0
	0
	0
	0
	0
	0
	0
	0
	0
	0
	0
	0
	0
	0
	0
	0
	0
	0
	0
	0
	0
	0
	0
	0
	0
	0
	0
	0
	0
	0
	0
	0
	0
	0
	0
	0
	0
	0
	0
	0
	1
		1	4.1173
	0
	0
	0
	0
	0
	0
	0
	0
	0
	0
	0
	0
	0
	0
	0
	0
	0
	0
	0
	0
	0
	0
	0
	0
	0
	0
	0
	0
	0
	0
	0
	0
	0
	0
	0
	0
	0
	0
	0
	0
	0
	0
	0
	0
	0
	0
	0
	0
	0
	0
	0
	0
	0
	0
	0
	0
	0
	0
	0
	0
	1
		2	3.62416
	0
	0
	0
	0
	0
	0
	0
	0
	0
	0
	0
	0
	0
	0
	0
	0
	0
	0
	0
	0
	0
	0
	0
	0
	0
	0
	0
	0
	0
	0
	0
	0
	0
	0
	0
	0
	0
	0
	0
	0
	0
	0
	0
	0
	0
	0
	0
	0
	0
	0
	0
	0
	0
	0
	0
	0
	0
	0
	0
	0
	0
	0
	0
	0
	0
	0
	0
	0
	0
	0
	0
	0
	0
	0
	0
	0
	0
	0
	0
	0
	0
	0
	0
	0
	0
	0
	0
	0
	0
	0
	0
	0
	0
	0
	0
	0
	0
	0
	0
	0
	1
		1	2.98157
	0
	0
	0
	0
	0
	0
	0
	0
	0
	0
	0
	0
	0
	0
	0
	0
	0
	0
	0
	0
	0
	0
	0
	0
	0
	0
	0
	0
	0
	0
	0
	0
	0
	0
	0
	0
	0
	0
	0
	0
	0
	0
	0
	0
	0
	0
	0
	0
	0
	0
	0
	0
	0
	0
	0
	0
	0
	0
	0
	0
	1
		2	2.52787
	0
	0
	0
	0
	0
	0
	0
	0
	0
	0
	0
	0
	0
	0
	0
	0
	0
	0
	0
	0
	0
	0
	0
	0
	0
	0
	0
	0
	0
	0
	0
	0
	0
	0
	0
	0
	0
	0
	0
	0
	0
	0
	0
	0
	0
	0
	0
	0
	0
	0
	0
	0
	0
	0
	0
	0
	0
	0
	0
	0
	0
	0
	0
	0
	0
	0
	0
	0
	0
	0
	0
	0
	0
	0
	0
	0
	0
	0
	0
	0
	0
	0
	0
	0
	0
	0
	0
	0
	0
	0
	0
	0
	0
	0
	0
	0
	0
	0
	0
	0
	1
		1	1.90254
	0
	0
	0
	0
	0
	0
	0
	0
	0
	0
	0
	0
	0
	0
	0
	0
	0
	0
	0
	0
	0
	0
	0
	0
	0
	0
	0
	0
	0
	0
	0
	0
	0
	0
	0
	0
	0
	0
	0
	0
	0
	0
	0
	0
	0
	0
	0
	0
	0
	0
	0
	0
	0
	0
	0
	0
	0
	0
	0
	0
	1
		2	1.61088
	0
	0
	0
	0
	0
	0
	0
	0
	0
	0
	0
	0
	0
	0
	0
	0
	0
	0
	0
	0
	0
	0
	0
	0
	0
	0
	0
	0
	0
	0
	0
	0
	0
	0
	0
	0
	0
	0
	0
	0
	0
	0
	0
	0
	0
	0
	0
	0
	0
	0
	0
	0
	0
	0
	0
	0
	0
	0
	0
	0
	0
	0
	0
	0
	0
	0
	0
	0
	0
	0
	0
	0
	0
	0
	0
	0
	0
	0
	0
	0
	0
	0
	0
	0
	0
	0
	0
	0
	0
	0
	0
	0
	0
	0
	0
	0
	0
	0
	0
	0
	1
		1	0.812346
	0
	0
	0
	0
	0
	0
	0
	0
	0
	0
	0
	0
	0
	0
	0
	0
	0
	0
	0
	0
	0
	0
	0
	0
	0
	0
	0
	0
	0
	0
	0
	0
	0
	0
	0
	0
	0
	0
	0
	0
	0
	0
	0
	0
	0
	0
	0
	0
	0
	0
	0
	0
	0
	0
	0
	0
	0
	0
	0
	0
	1
		2	0.364198
	0
	0
	0
	0
	0
	0
	0
	0
	0
	0
	0
	0
	0
	0
	0
	0
	0
	0
	0
	0
	0
	0
	0
	0
	0
	0
	0
	0
	0
	0
	0
	0
	0
	0
	0
	0
	0
	0
	0
	0
	0
	0
	0
	0
	0
	0
	0
	0
	0
	0
	0
	0
