121
-50.2712 -0.143551 0.1 108 282
wall 0 0 15 20
window 15 0 15 20
wall 30 0 15 20
window 45 0 15 20
wall 60 0 21 20
window 81 0 15 20
wall 96 0 12 20
wall 0 20 15 10
balcony 15 20 47 10
wall 62 20 15 10
balcony 77 20 22 10
wall 99 20 9 10
wall 0 30 15 17
window 15 30 15 17
wall 30 30 15 17
window 45 30 15 17
wall 60 30 21 17
window 81 30 15 17
wall 96 30 12 17
wall 0 47 15 10
balcony 15 47 47 10
wall 62 47 15 10
balcony 77 47 22 10
wall 99 47 9 10
wall 0 57 15 17
window 15 57 15 17
wall 30 57 15 17
window 45 57 15 17
wall 60 57 21 17
window 81 57 15 17
wall 96 57 12 17
wall 0 74 15 10
balcony 15 74 47 10
wall 62 74 15 10
balcony 77 74 22 10
wall 99 74 9 10
wall 0 84 15 17
window 15 84 15 17
wall 30 84 15 17
window 45 84 15 17
wall 60 84 21 17
window 81 84 15 17
wall 96 84 12 17
wall 0 101 15 10
balcony 15 101 47 10
wall 62 101 15 10
balcony 77 101 22 10
wall 99 101 9 10
wall 0 111 15 17
window 15 111 15 17
wall 30 111 15 17
window 45 111 15 17
wall 60 111 21 17
window 81 111 15 17
wall 96 111 12 17
wall 0 128 15 10
balcony 15 128 47 10
wall 62 128 15 10
balcony 77 128 22 10
wall 99 128 9 10
wall 0 138 15 17
window 15 138 15 17
wall 30 138 15 17
window 45 138 15 17
wall 60 138 21 17
window 81 138 15 17
wall 96 138 12 17
wall 0 155 15 10
balcony 15 155 47 10
wall 62 155 15 10
balcony 77 155 22 10
wall 99 155 9 10
wall 0 165 15 17
window 15 165 15 17
wall 30 165 15 17
window 45 165 15 17
wall 60 165 21 17
window 81 165 15 17
wall 96 165 12 17
wall 0 182 15 10
balcony 15 182 47 10
wall 62 182 15 10
balcony 77 182 22 10
wall 99 182 9 10
wall 0 192 15 17
window 15 192 15 17
wall 30 192 15 17
window 45 192 15 17
wall 60 192 21 17
window 81 192 15 17
wall 96 192 12 17
wall 0 209 15 10
balcony 15 209 47 10
wall 62 209 15 10
balcony 77 209 22 10
wall 99 209 9 10
wall 0 219 15 17
window 15 219 15 17
wall 30 219 15 17
window 45 219 15 17
wall 60 219 21 17
window 81 219 15 17
wall 96 219 12 17
wall 0 236 15 10
balcony 15 236 47 10
wall 62 236 15 10
balcony 77 236 22 10
wall 99 236 9 10
wall 0 246 15 17
window 15 246 15 17
wall 30 246 15 17
window 45 246 15 17
wall 60 246 21 17
window 81 246 15 17
wall 96 246 12 17
wall 0 263 15 10
balcony 15 263 47 10
wall 62 263 15 10
balcony 77 263 22 10
wall 99 263 9 10
wall 0 273 108 9
