77
-0.197537 -0.0632097 0.1 205 161
wall 0 0 205 10
wall 0 10 8 20
window 8 10 16 20
wall 24 10 8 20
window 32 10 16 20
wall 48 10 11 20
window 59 10 16 20
wall 75 10 8 20
window 83 10 16 20
wall 99 10 8 20
window 107 10 16 20
wall 123 10 11 20
window 134 10 16 20
wall 150 10 8 20
window 158 10 16 20
wall 174 10 8 20
window 182 10 14 20
wall 196 10 8 20
wall 204 10 1 20
wall 0 30 205 20
wall 0 50 11 20
window 11 50 14 20
wall 25 50 8 20
window 33 50 14 20
wall 47 50 8 20
window 55 50 16 20
wall 71 50 15 20
window 86 50 14 20
wall 100 50 8 20
window 108 50 14 20
wall 122 50 8 20
window 130 50 16 20
wall 146 50 15 20
window 161 50 12 20
wall 173 50 8 20
window 181 50 14 20
wall 195 50 8 20
wall 203 50 2 20
wall 0 70 205 20
wall 0 90 11 20
window 11 90 14 20
wall 25 90 8 20
window 33 90 14 20
wall 47 90 8 20
window 55 90 16 20
wall 71 90 15 20
window 86 90 14 20
wall 100 90 8 20
window 108 90 14 20
wall 122 90 8 20
window 130 90 16 20
wall 146 90 15 20
window 161 90 12 20
wall 173 90 8 20
window 181 90 12 20
wall 193 90 8 20
wall 201 90 4 20
wall 0 110 205 20
wall 0 130 11 20
window 11 130 14 20
wall 25 130 8 20
window 33 130 14 20
wall 47 130 8 20
window 55 130 16 20
wall 71 130 15 20
window 86 130 14 20
wall 100 130 8 20
window 108 130 14 20
wall 122 130 8 20
window 130 130 16 20
wall 146 130 15 20
window 161 130 12 20
wall 173 130 8 20
window 181 130 12 20
wall 193 130 11 20
wall 204 130 1 20
wall 0 150 205 11
