1629
	7
		5	17.9202
		0	18.4168
		4	18.0373
		6	17.7988
		3	17.9725
		1	18.0379
		2	17.97
	0
	0
	3
		14	12.7624
		16	12.748
		15	12.9123
	0
	0
	0
	0
	0
	0
	0
	0
	0
	0
	0
	0
	0
	0
	0
	0
	0
	0
	0
	0
	0
	0
	0
	0
	0
	0
	0
	0
	0
	0
	0
	0
	0
	0
	0
	0
	0
	0
	0
	0
	0
	0
	0
	0
	0
	0
	0
	0
	0
	0
	0
	0
	0
	0
	0
	0
	0
	0
	0
	0
	0
	0
	2
		13	17.1612
		12	17.3797
	0
	3
		17	11.1324
		18	10.8339
		19	10.6861
	0
	0
	0
	0
	0
	2
		12	17.2619
		13	16.943
	0
	0
	0
	0
	0
	0
	0
	2
		13	16.8457
		12	17.3909
	0
	0
	0
	0
	0
	0
	5
		9	16.4657
		8	16.6968
		11	16.3363
		7	16.9382
		10	16.5354
	2
		13	16.8091
		12	16.8182
	0
	0
	0
	0
	0
	0
	5
		7	16.7923
		10	16.2376
		8	16.5586
		9	16.3385
		11	16.3274
	2
		13	16.7122
		12	16.9889
	0
	0
	0
	0
	0
	0
	0
	0
	0
	0
	0
	0
	0
	0
	0
	0
	0
	0
	0
	0
	0
	0
	0
	0
	0
	0
	0
	0
	0
	0
	0
	0
	0
	0
	0
	0
	0
	0
	0
	0
	0
	0
	0
	0
	0
	0
	0
	0
	3
		14	10.6757
		15	10.9793
		16	10.3474
	0
	0
	0
	0
	0
	5
		8	16.0827
		9	15.9757
		10	16.0716
		7	16.4405
		11	16.1606
	2
		13	15.7727
		12	15.7143
	3
		15	10.4706
		16	10.7886
		14	10.5609
	0
	0
	0
	0
	0
	5
		9	15.8819
		7	16.2109
		8	15.9565
		10	16.1313
		11	15.793
	2
		13	15.5197
		12	15.8237
	3
		16	10.0551
		15	9.5332
		14	10.0886
	0
	0
	0
	0
	0
	5
		7	16.4334
		8	15.9508
		10	15.8476
		9	15.9302
		11	15.9366
	2
		12	15.5396
		13	15.3054
	0
	0
	0
	0
	0
	3
		18	12.5975
		19	10.7909
		17	11.4992
	5
		10	15.6611
		7	15.8741
		8	15.8173
		11	15.6388
		9	15.7784
	2
		12	15.5456
		13	15.2426
	0
	0
	0
	0
	0
	3
		18	12.3143
		19	11.2344
		17	11.253
	5
		11	15.53
		10	15.6035
		8	15.7282
		7	16.1124
		9	15.7382
	2
		13	15.2307
		12	15.2416
	0
	0
	0
	0
	0
	0
	5
		7	15.7323
		10	15.3632
		8	15.6896
		11	15.2408
		9	15.5676
	2
		12	15.2413
		13	15.3453
	0
	0
	0
	0
	0
	0
	0
	0
	0
	0
	0
	0
	0
	0
	0
	0
	0
	3
		19	9.59569
		18	10.5175
		17	9.92592
	0
	0
	0
	0
	0
	2
		12	15.5579
		13	15.1311
	0
	3
		18	9.90579
		19	9.14468
		17	10.7183
	0
	0
	0
	0
	0
	2
		13	15.3561
		12	15.1441
	0
	3
		19	8.72303
		17	10.3993
		18	8.34413
	0
	0
	0
	0
	0
	2
		12	15.2772
		13	14.9945
	0
	0
	0
	0
	0
	0
	5
		7	14.7527
		11	14.2697
		9	14.7353
		8	15.1077
		10	14.4498
	2
		12	14.9494
		13	14.955
	0
	0
	0
	0
	0
	0
	5
		9	14.4315
		7	14.8976
		10	14.3531
		11	14.3663
		8	14.6058
	2
		13	14.9033
		12	15.1537
	0
	0
	0
	0
	3
		15	10.7272
		16	12.6048
		14	9.80024
	0
	5
		10	14.2566
		7	14.5505
		8	14.4125
		9	14.3502
		11	14.2914
	2
		12	14.8777
		13	14.6944
	0
	0
	0
	0
	3
		14	11.2997
		15	10.5207
		16	12.5975
	0
	5
		10	14.2281
		9	14.284
		8	14.3454
		7	14.5101
		11	14.3175
	2
		12	15.102
		13	14.6797
	0
	0
	0
	0
	3
		16	10.8972
		14	9.70092
		15	9.6271
	0
	5
		9	14.3008
		7	14.2642
		10	14.3931
		11	14.2647
		8	14.3045
	2
		12	14.5449
		13	14.6116
	0
	0
	0
	0
	3
		14	9.86792
		16	10.2255
		15	9.89645
	0
	5
		10	14.2272
		7	14.2391
		11	14.4271
		8	14.2755
		9	14.2883
	2
		13	14.3125
		12	14.4938
	0
	0
	0
	0
	0
	0
	5
		9	14.4996
		7	14.313
		10	14.2966
		8	14.3136
		11	14.2268
	2
		12	14.3568
		13	14.182
	3
		15	9.26546
		16	8.93795
		14	10.1271
	0
	0
	0
	0
	0
	0
	0
	3
		14	9.3495
		16	9.53778
		15	9.11724
	0
	0
	0
	0
	0
	5
		9	14.1926
		8	14.2563
		11	14.1524
		7	14.5144
		10	14.1284
	2
		13	14.1393
		12	13.7831
	3
		15	9.46064
		14	8.10886
		16	8.69226
	0
	0
	0
	0
	0
	5
		7	14.2263
		10	14.0974
		8	14.1937
		11	14.1377
		9	14.0961
	2
		13	13.6444
		12	13.995
	3
		14	8.17477
		15	9.32362
		16	8.24633
	0
	0
	0
	0
	3
		19	10.1322
		17	9.94252
		18	10.2178
	5
		10	14.0761
		11	14.0519
		8	14.1096
		7	14.3775
		9	14.3266
	2
		12	13.7263
		13	13.5417
	3
		15	8.2268
		16	8.08122
		14	8.2854
	0
	0
	0
	0
	3
		17	11.3231
		18	9.31823
		19	8.70554
	5
		11	13.7378
		7	14.0771
		10	13.8831
		8	14.0778
		9	14.005
	2
		12	13.3666
		13	13.325
	0
	0
	0
	0
	0
	3
		19	8.64656
		18	9.41343
		17	10.9079
	5
		9	14.0192
		7	14.0213
		11	13.8207
		8	13.9704
		10	13.9592
	2
		13	13.3157
		12	13.4322
	0
	0
	0
	0
	0
	3
		19	10.509
		17	8.89228
		18	8.98271
	5
		11	13.6175
		8	13.8706
		7	13.9791
		9	13.8885
		10	13.845
	2
		13	13.3467
		12	13.2729
	0
	0
	0
	0
	0
	0
	5
		8	13.7981
		9	13.7514
		7	13.84
		11	13.3805
		10	13.7114
	2
		12	13.3978
		13	13.1902
	0
	3
		18	9.42627
		19	8.42403
		17	8.08843
	0
	0
	0
	0
	5
		9	13.7374
		8	13.6111
		7	13.6865
		11	13.1557
		10	13.3918
	2
		12	13.2492
		13	13.3536
	0
	3
		19	7.35556
		17	8.23151
		18	9.54989
	0
	0
	0
	0
	5
		10	13.4078
		11	12.9693
		8	13.4737
		9	13.3458
		7	13.6644
	2
		12	13.4076
		13	13.6571
	0
	3
		18	7.67816
		17	8.35832
		19	7.95414
	0
	0
	0
	0
	5
		7	13.6657
		10	12.9255
		9	13.1356
		11	12.8555
		8	13.3219
	2
		13	13.3604
		12	13.2566
	0
	3
		17	7.60676
		19	7.62759
		18	8.03069
	0
	0
	0
	0
	5
		7	13.3001
		9	12.6809
		10	12.7527
		11	12.7289
		8	13.2057
	2
		12	13.4869
		13	13.2992
	0
	3
		17	7.67689
		19	7.82902
		18	7.53581
	0
	0
	0
	0
	2
		8	13.2246
		11	12.5326
	2
		13	13.1651
		12	13.3452
	0
	0
	0
	0
	3
		15	8.83343
		14	8.49886
		16	9.94144
	0
	5
		11	12.2591
		8	12.7241
		9	12.6057
		7	13.1866
		10	12.7015
	2
		12	13.359
		13	13.081
	0
	0
	0
	0
	3
		14	8.87082
		15	8.89351
		16	10.2978
	0
	5
		11	12.3637
		7	12.7987
		9	12.5194
		10	12.3192
		8	12.4988
	2
		12	13.1215
		13	13.0028
	0
	0
	0
	0
	3
		14	8.73689
		16	10.6197
		15	8.38237
	0
	5
		7	12.5515
		8	12.462
		10	12.3838
		9	12.3293
		11	12.2733
	2
		12	13.2454
		13	12.9586
	0
	0
	0
	0
	3
		16	9.10366
		15	8.1592
		14	8.45464
	0
	5
		8	12.3415
		10	12.2588
		7	12.3678
		11	12.259
		9	12.1885
	2
		13	12.8487
		12	12.999
	0
	3
		19	9.00042
		18	9.04835
		17	7.42866
	0
	0
	3
		16	9.56111
		14	8.50222
		15	8.4366
	0
	5
		8	12.2829
		10	12.273
		9	12.217
		11	12.5127
		7	12.2909
	2
		13	12.7425
		12	12.8978
	3
		15	7.89405
		14	7.71592
		16	8.37927
	3
		18	8.94133
		19	9.72822
		17	8.77009
	0
	0
	3
		14	9.4532
		15	7.61226
		16	7.78302
	0
	5
		10	12.3143
		8	12.2718
		9	12.2436
		11	12.2037
		7	12.3613
	2
		12	12.7041
		13	12.445
	3
		15	7.31155
		14	7.44557
		16	8.51905
	3
		18	10.4653
		17	8.99543
		19	8.88608
	0
	0
	0
	0
	5
		8	12.3345
		10	12.3604
		9	12.5983
		11	12.2682
		7	12.3504
	2
		13	12.4382
		12	12.5446
	3
		14	7.80604
		16	7.0319
		15	7.2716
	3
		17	10.4076
		18	8.64518
		19	8.43522
	0
	0
	0
	0
	5
		10	12.5843
		11	12.3499
		9	12.3676
		7	12.3647
		8	12.2898
	2
		12	12.2812
		13	12.1572
	3
		15	6.46486
		16	7.04411
		14	6.84664
	3
		19	9.18624
		17	8.42754
		18	10.3114
	0
	0
	0
	3
		17	8.57814
		18	8.65158
		19	8.76233
	5
		8	12.6775
		11	12.4612
		9	12.5891
		7	12.3716
		10	12.4027
	2
		12	12.3345
		13	11.8894
	3
		14	6.97501
		15	6.86864
		16	6.80792
	0
	0
	0
	0
	3
		19	8.47714
		18	9.53264
		17	8.15786
	5
		8	12.7305
		11	12.3903
		7	12.4179
		9	12.3775
		10	12.3363
	2
		12	11.9064
		13	11.7202
	3
		15	6.5188
		14	6.84591
		16	7.36127
	0
	0
	0
	0
	3
		18	8.16017
		17	8.44312
		19	7.74512
	5
		7	12.4906
		9	12.2507
		11	12.2484
		8	12.2772
		10	12.2364
	2
		13	11.7366
		12	11.593
	3
		15	6.38486
		16	7.14913
		14	6.97005
	0
	0
	0
	0
	3
		19	7.48977
		18	8.22626
		17	7.66198
	5
		7	12.4854
		11	12.2238
		10	12.0917
		8	12.2348
		9	12.1966
	2
		13	11.4527
		12	11.7439
	0
	0
	0
	0
	0
	3
		17	7.57264
		19	7.6986
		18	6.84489
	5
		8	12.2435
		10	12.1678
		7	12.1683
		9	12.1478
		11	12.1392
	2
		13	11.4895
		12	11.2597
	0
	3
		18	7.47165
		17	6.33614
		19	7.47155
	0
	0
	0
	3
		17	6.82464
		18	6.95743
		19	7.66494
	5
		7	12.3187
		11	11.8532
		9	12.0543
		8	12.1456
		10	12.0148
	2
		12	11.3471
		13	11.3223
	3
		15	6.11262
		16	7.0996
		14	6.27984
	3
		17	6.95821
		19	6.88874
		18	7.04004
	0
	0
	0
	0
	5
		10	11.84
		7	12.0888
		8	11.9902
		11	11.7206
		9	11.9834
	2
		13	11.1886
		12	11.3217
	3
		16	9.85133
		14	7.21706
		15	5.70377
	3
		17	6.50398
		18	6.3314
		19	7.25916
	0
	0
	0
	0
	5
		10	11.5304
		8	11.9511
		11	11.4295
		9	11.8791
		7	12.2671
	2
		13	11.3164
		12	11.2475
	3
		15	6.20045
		14	7.43716
		16	8.20307
	3
		19	6.64084
		17	7.3222
		18	6.69119
	0
	0
	0
	0
	5
		7	11.9289
		9	11.4925
		11	11.1537
		8	11.7331
		10	11.599
	2
		13	11.2727
		12	11.2113
	3
		15	5.62565
		14	5.75283
		16	9.56662
	3
		17	6.54131
		19	6.2054
		18	6.45665
	0
	0
	0
	0
	5
		11	10.9896
		10	11.238
		8	11.5942
		9	11.4243
		7	11.9321
	2
		12	11.3597
		13	11.7374
	3
		16	9.10062
		14	5.94317
		15	5.17472
	3
		17	6.85982
		19	7.00047
		18	6.9117
	0
	0
	3
		16	9.69037
		15	6.13933
		14	7.02988
	0
	5
		10	10.8823
		8	11.3189
		11	10.7446
		7	11.6639
		9	11.2846
	2
		12	11.6918
		13	11.4825
	3
		14	4.88856
		15	6.72569
		16	9.06899
	3
		17	6.87718
		19	6.67347
		18	5.92625
	0
	0
	3
		15	6.5229
		16	9.03245
		14	6.88624
	0
	5
		8	11.1432
		7	11.3489
		11	10.8771
		10	10.8826
		9	10.9992
	2
		13	11.2867
		12	11.7371
	3
		14	6.89229
		16	8.25047
		15	6.29221
	0
	0
	0
	3
		15	7.14525
		16	8.6965
		14	6.34174
	0
	5
		8	10.964
		9	10.7704
		10	10.7939
		7	11.0476
		11	10.6424
	2
		13	11.3085
		12	11.6315
	0
	0
	0
	0
	3
		14	6.45511
		15	7.11659
		16	8.57372
	0
	5
		10	10.5743
		7	11.1607
		8	10.6927
		9	10.6622
		11	10.5337
	2
		13	11.2428
		12	11.5688
	0
	3
		19	6.59047
		18	6.94912
		17	5.86677
	0
	0
	3
		16	8.3914
		14	6.60857
		15	6.76078
	0
	5
		8	10.7166
		10	10.4752
		7	10.983
		11	10.4894
		9	10.6796
	2
		13	11.2659
		12	11.2309
	2
		14	5.78614
		16	0.885417
	3
		17	5.59631
		18	6.83248
		19	8.85133
	0
	0
	3
		16	7.45532
		15	6.57202
		14	6.42149
	0
	5
		10	10.4894
		7	10.5365
		8	10.6136
		9	10.4398
		11	10.4208
	2
		12	11.3358
		13	11.1365
	3
		16	3.24546
		14	6.93003
		15	5.81181
	3
		18	6.85227
		19	7.07615
		17	8.1473
	0
	0
	3
		16	6.58125
		14	6.13184
		15	6.09249
	0
	5
		8	10.4976
		11	10.4902
		9	10.5039
		10	10.5055
		7	10.5076
	2
		13	11.0503
		12	11.2477
	3
		14	6.42843
		15	6.174
		16	6.95852
	3
		19	7.20712
		17	8.42446
		18	7.96888
	0
	0
	3
		16	6.59329
		14	6.58843
		15	6.59345
	0
	5
		9	10.3756
		8	10.525
		11	10.4716
		10	10.4365
		7	10.3751
	2
		13	10.9836
		12	11.0326
	3
		15	6.09471
		16	5.55378
		14	5.78662
	3
		18	7.00319
		19	6.80196
		17	7.16414
	0
	0
	0
	3
		17	6.86506
		19	7.16051
		18	6.81234
	5
		11	10.4036
		9	10.3974
		10	10.4113
		7	10.421
		8	10.4501
	2
		13	10.7558
		12	10.9657
	3
		14	6.6357
		16	5.90516
		15	5.60389
	3
		18	7.10436
		19	6.87983
		17	8.58531
	0
	0
	0
	3
		19	7.16652
		17	6.46591
		18	7.23684
	5
		11	10.4328
		7	10.4391
		8	10.4596
		9	10.3811
		10	10.4003
	2
		13	10.4783
		12	10.8104
	3
		14	6.57549
		16	5.72263
		15	5.33204
	3
		18	7.15303
		19	7.82817
		17	6.77529
	0
	0
	0
	3
		17	6.72344
		18	6.71924
		19	5.98889
	5
		8	10.4515
		10	10.3782
		7	10.4655
		9	10.4597
		11	10.5274
	2
		12	10.494
		13	10.2996
	3
		16	5.72713
		14	5.58175
		15	5.76968
	0
	0
	0
	0
	3
		17	6.50199
		19	6.14099
		18	7.09452
	5
		9	10.7292
		7	10.4006
		10	10.8377
		11	10.4852
		8	10.8432
	2
		12	10.3344
		13	10.0714
	3
		15	5.31261
		16	5.51739
		14	6.27935
	0
	0
	0
	0
	3
		19	6.12484
		17	6.82947
		18	5.98092
	5
		11	10.5701
		9	10.5899
		10	10.52
		7	10.5128
		8	10.9951
	2
		13	10.0474
		12	10.3992
	2
		16	0.875
		14	5.21997
	1
		19	2.67447
	0
	0
	0
	3
		18	5.66153
		19	5.36474
		17	6.2901
	5
		9	10.5508
		11	10.5746
		8	10.9139
		10	10.5369
		7	10.5328
	2
		13	9.74092
		12	10.0144
	3
		14	5.25053
		15	4.7955
		16	6.59235
	3
		18	2.74262
		17	0.525
		19	5.69729
	0
	0
	0
	3
		18	5.07647
		19	6.37867
		17	5.89019
	5
		7	10.9396
		9	10.4672
		8	10.442
		10	10.4377
		11	10.3753
	2
		12	9.90183
		13	9.73634
	3
		14	6.50928
		15	4.48731
		16	4.93829
	3
		19	5.1858
		18	5.86456
		17	5.12266
	0
	0
	0
	3
		19	7.0229
		17	5.60753
		18	5.87396
	5
		10	10.4425
		8	10.4844
		9	10.4092
		7	10.6813
		11	10.2838
	2
		12	9.79102
		13	9.53647
	3
		14	5.10927
		16	7.16985
		15	5.43436
	3
		18	5.28281
		17	4.8763
		19	5.60536
	0
	0
	0
	0
	5
		7	10.6095
		10	10.5186
		9	10.4167
		11	10.445
		8	10.4164
	2
		13	9.58942
		12	9.56553
	3
		14	6.02352
		15	5.89165
		16	7.01753
	3
		18	5.35494
		19	5.3847
		17	6.22083
	0
	0
	0
	3
		17	5.37815
		18	5.26163
		19	5.75124
	5
		8	10.2542
		10	10.3307
		7	10.3665
		9	10.3588
		11	10.0072
	2
		12	9.45653
		13	9.46177
	3
		16	6.44531
		14	5.98466
		15	4.47663
	3
		18	5.21154
		19	5.58174
		17	5.53728
	0
	0
	3
		15	4.58283
		14	4.90126
		16	7.16446
	3
		17	5.64655
		18	5.0639
		19	5.53636
	5
		11	9.70374
		7	10.4003
		8	10.2111
		9	10.0213
		10	10.0519
	2
		12	9.38865
		13	9.54996
	3
		14	5.00635
		16	7.37363
		15	5.20177
	3
		17	5.32088
		19	5.07199
		18	6.54494
	0
	0
	3
		16	6.77112
		14	3.92611
		15	5.64258
	3
		18	5.16556
		19	6.47618
		17	5.27923
	5
		9	10.1527
		11	9.48015
		7	10.3159
		10	9.62981
		8	10.0102
	2
		13	9.38934
		12	9.46479
	3
		16	7.3682
		15	4.57442
		14	5.25433
	1
		19	5.98969
	0
	0
	3
		16	6.85436
		14	5.24241
		15	5.4536
	3
		19	4.87486
		17	5.77963
		18	4.21387
	5
		8	9.95029
		7	10.1142
		10	9.45664
		11	9.31079
		9	9.74408
	2
		13	9.81429
		12	9.46161
	3
		15	5.15439
		14	4.14134
		16	6.93106
	1
		18	0.196281
	0
	0
	3
		16	7.43354
		15	6.29194
		14	5.85259
	3
		19	4.3024
		17	5.19451
		18	4.64564
	5
		9	9.65324
		7	9.92537
		11	9.22834
		8	9.56614
		10	9.43681
	2
		12	9.78403
		13	9.6869
	3
		16	7.1312
		15	5.0235
		14	6.02338
	3
		19	6.18441
		18	4.51754
		17	6.68201
	0
	0
	3
		14	5.349
		16	6.60682
		15	5.45029
	3
		18	4.50248
		17	4.49096
		19	6.13458
	5
		10	9.03729
		9	9.42008
		7	9.84054
		8	9.66516
		11	9.10939
	2
		13	9.86466
		12	9.86297
	0
	3
		17	4.71824
		19	5.92385
		18	4.53338
	0
	0
	3
		15	4.83938
		16	5.89112
		14	5.02714
	3
		18	5.53416
		17	5.23198
		19	5.85903
	5
		7	9.64191
		11	8.80088
		10	9.11012
		8	9.22449
		9	9.20892
	2
		12	9.43154
		13	9.71987
	1
		16	0.838542
	3
		19	4.80273
		17	6.16985
		18	5.56796
	0
	0
	3
		16	6.19295
		14	4.89817
		15	4.17538
	3
		17	5.64166
		18	5.53639
		19	6.23163
	5
		9	9.11579
		7	9.43297
		10	8.852
		8	9.11862
		11	9.07346
	2
		12	9.7183
		13	9.58316
	3
		15	5.11342
		16	0.897297
		14	4.799
	3
		17	5.71548
		19	7.27099
		18	5.49939
	0
	0
	3
		15	4.90727
		16	4.44579
		14	4.4313
	0
	5
		11	8.73185
		10	8.89785
		9	8.86198
		7	9.13316
		8	8.96593
	2
		13	9.50517
		12	9.60188
	3
		15	5.02905
		14	4.45778
		16	1.29236
	3
		18	5.80161
		17	6.84972
		19	5.58129
	0
	0
	3
		15	4.5044
		16	5.20076
		14	4.69409
	3
		17	5.66837
		19	5.48232
		18	5.4357
	5
		10	8.71665
		9	8.89702
		7	9.0309
		11	8.81316
		8	8.84931
	2
		12	9.35978
		13	9.49595
	3
		15	4.66927
		16	4.45416
		14	4.28416
	3
		18	5.67239
		19	6.63852
		17	5.69413
	0
	0
	3
		14	5.06763
		16	4.47637
		15	5.18422
	3
		18	5.10387
		19	4.93703
		17	6.16778
	5
		10	8.8245
		8	8.82792
		7	8.82436
		9	8.77289
		11	8.78769
	2
		13	9.30625
		12	9.73719
	3
		16	4.68981
		14	4.1421
		15	4.49434
	3
		19	5.57221
		17	5.93513
		18	6.74616
	0
	0
	3
		14	4.91535
		15	4.44804
		16	4.65017
	3
		17	5.77762
		19	5.11411
		18	5.24455
	5
		7	8.75721
		8	8.78838
		9	8.76879
		10	8.76256
		11	8.78417
	2
		12	9.51695
		13	9.21864
	3
		14	4.89957
		16	1.11648
		15	4.57488
	3
		17	6.94934
		19	5.24613
		18	4.66436
	0
	0
	3
		16	4.6426
		14	5.5116
		15	4.14006
	3
		18	4.96853
		19	5.70676
		17	5.78468
	5
		11	8.55283
		8	8.64521
		9	8.71796
		10	8.75549
		7	8.72279
	2
		13	9.10782
		12	9.44354
	3
		15	4.05453
		16	5.12061
		14	4.10247
	3
		18	5.79198
		17	5.41556
		19	5.27617
	0
	0
	3
		15	3.93175
		14	4.19118
		16	5.7393
	3
		17	5.25956
		19	5.74134
		18	5.17735
	5
		11	8.56657
		10	8.58473
		8	8.71317
		7	8.80553
		9	8.60226
	2
		13	9.11033
		12	9.25005
	2
		16	0.346591
		14	4.85692
	0
	0
	0
	3
		15	4.32489
		16	4.69112
		14	3.89105
	3
		19	4.74037
		18	6.53347
		17	4.77348
	5
		11	8.71354
		7	8.82393
		8	8.58864
		9	8.56496
		10	8.7236
	2
		12	9.06771
		13	8.7787
	3
		15	3.93239
		14	4.19318
		16	4.31022
	1
		17	5.34304
	0
	0
	3
		16	5.85189
		15	3.59489
		14	3.8276
	3
		19	5.19295
		18	4.56292
		17	5.13485
	5
		10	8.74187
		8	8.69508
		7	8.88652
		11	9.06963
		9	8.77861
	2
		13	8.65083
		12	8.8376
	3
		14	3.43247
		16	4.041
		15	3.68366
	1
		18	3.85878
	0
	0
	3
		14	3.73757
		15	3.71088
		16	5.11629
	3
		18	3.87275
		19	4.19421
		17	5.72696
	5
		8	8.75492
		11	8.85241
		10	9.13878
		7	8.7341
		9	8.7887
	2
		12	8.64043
		13	8.40917
	3
		14	3.66962
		16	4.5977
		15	3.9884
	1
		18	4.56387
	0
	0
	3
		15	3.39346
		14	3.52433
		16	4.27998
	3
		17	4.16467
		19	4.2704
		18	5.55862
	5
		7	8.76869
		10	8.7783
		8	8.77279
		11	8.81154
		9	9.06822
	2
		12	8.49709
		13	8.29107
	3
		16	5.36316
		15	4.03813
		14	3.98639
	3
		18	4.74451
		19	3.85289
		17	3.40783
	0
	0
	3
		15	3.75473
		14	4.6349
		16	5.37142
	3
		18	4.1724
		19	4.38272
		17	4.10548
	5
		7	8.69771
		9	8.85348
		11	8.78079
		10	8.74417
		8	8.78802
	2
		13	8.11868
		12	8.21597
	3
		16	5.94555
		15	4.00626
		14	3.47126
	2
		17	4.58072
		19	4.49626
	0
	0
	3
		16	5.05323
		14	4.03646
		15	4.56894
	3
		18	3.73541
		19	4.38411
		17	4.04583
	5
		8	8.8046
		9	9.00549
		7	8.90705
		10	8.72955
		11	8.76179
	2
		12	8.01568
		13	8.06091
	3
		16	5.233
		14	3.5423
		15	2.929
	1
		17	1.79975
	0
	0
	3
		15	3.64322
		16	5.49215
		14	4.71857
	3
		17	4.18045
		19	3.94431
		18	4.93235
	5
		9	8.92856
		11	8.481
		10	8.58313
		8	8.65231
		7	8.71302
	2
		12	8.06928
		13	7.98607
	3
		14	3.65622
		15	3.62383
		16	5.7277
	3
		19	4.39515
		18	4.99069
		17	3.63956
	0
	0
	3
		15	2.77894
		14	3.69732
		16	5.2833
	3
		17	4.49465
		19	3.85189
		18	5.0209
	5
		7	8.95599
		11	8.44859
		8	8.69712
		9	8.69485
		10	8.45643
	2
		12	7.98983
		13	7.94291
	3
		15	3.29945
		16	5.64793
		14	3.35279
	1
		17	0.504545
	0
	0
	3
		16	5.72793
		14	3.44767
		15	3.41301
	3
		17	5.20151
		19	4.47759
		18	3.21054
	5
		10	8.62902
		8	8.53615
		9	8.44413
		11	8.33896
		7	8.94119
	2
		12	7.93238
		13	7.98316
	3
		16	5.19981
		14	3.59483
		15	3.80625
	3
		18	4.6938
		17	3.81171
		19	3.58955
	0
	0
	3
		15	3.2206
		16	5.19626
		14	3.74569
	3
		19	3.57897
		18	3.41635
		17	3.23513
	5
		11	8.29859
		9	8.44718
		7	8.49949
		8	8.47073
		10	8.29359
	2
		12	8.01913
		13	7.59161
	3
		15	3.7516
		14	3.06461
		16	5.06411
	3
		19	3.63436
		18	3.90145
		17	3.48485
	0
	0
	3
		15	3.83611
		16	4.73011
		14	3.15247
	3
		17	3.50627
		19	4.4828
		18	3.30543
	5
		7	8.60689
		9	8.23413
		8	8.30881
		11	7.89135
		10	8.18111
	2
		12	7.6505
		13	7.63284
	3
		15	3.65922
		16	4.97569
		14	4.0598
	3
		18	3.58921
		19	4.04489
		17	2.82805
	0
	0
	3
		15	4.08758
		14	3.57016
		16	4.90758
	3
		19	3.36727
		18	4.61257
		17	2.92892
	5
		10	8.04416
		7	8.40534
		11	7.80165
		9	8.2142
		8	8.19812
	2
		13	7.93629
		12	7.65442
	0
	3
		19	4.17089
		17	3.54893
		18	3.27533
	0
	0
	3
		15	3.68326
		16	4.40649
		14	3.05737
	3
		18	4.43335
		17	3.62386
		19	3.6102
	5
		11	7.67899
		9	7.89429
		10	7.68295
		8	7.98577
		7	8.16179
	2
		13	7.87972
		12	7.80295
	1
		15	2.96675
	3
		17	3.78343
		19	3.61859
		18	4.54435
	0
	0
	3
		16	4.38376
		15	3.42961
		14	3.3128
	3
		18	3.88985
		19	3.91686
		17	4.64967
	5
		7	7.99353
		11	7.5155
		8	7.83022
		10	7.60693
		9	7.73704
	2
		13	8.02448
		12	8.0291
	1
		15	3.45739
	3
		18	4.44129
		19	5.72083
		17	4.23077
	0
	0
	3
		15	3.57121
		16	3.184
		14	3.49621
	3
		17	4.0403
		19	3.78607
		18	3.90621
	5
		8	7.6772
		11	7.47756
		7	7.84311
		10	7.48032
		9	7.52686
	2
		13	8.13232
		12	7.88612
	3
		15	3.19444
		14	3.57982
		16	3.31046
	3
		18	4.50052
		19	3.73373
		17	3.86581
	0
	0
	3
		16	4.35452
		14	2.73723
		15	3.18535
	3
		19	4.58712
		18	3.62753
		17	3.81719
	5
		8	7.45263
		11	7.38878
		7	7.71421
		9	7.48597
		10	7.3542
	2
		12	8.01992
		13	7.87372
	2
		15	2.86338
		14	3.351
	3
		19	4.18277
		17	4.61799
		18	4.5262
	0
	0
	3
		14	3.09249
		16	4.34261
		15	2.57702
	3
		18	3.74928
		19	4.15175
		17	4.05024
	5
		7	7.49637
		9	7.37442
		8	2.44381
		10	7.28459
		11	7.30161
	2
		13	7.74742
		12	7.91276
	1
		14	3.14548
	3
		17	3.63987
		18	4.92027
		19	3.81274
	0
	0
	3
		14	3.51158
		15	3.21667
		16	4.23435
	3
		18	3.97759
		17	3.87418
		19	3.37058
	5
		10	7.18418
		8	7.36147
		11	6.52059
		9	7.32235
		7	7.38783
	2
		13	7.73772
		12	7.65984
	2
		14	2.78955
		16	3.72323
	3
		19	3.78254
		17	5.225
		18	3.78156
	0
	0
	3
		14	3.12328
		15	2.53356
		16	3.50246
	3
		18	3.35677
		19	3.61098
		17	4.25663
	5
		7	7.34749
		9	7.2386
		11	6.72426
		10	6.5862
		8	7.30594
	2
		12	7.99809
		13	7.5856
	3
		15	2.70967
		16	3.37005
		14	2.91266
	3
		19	4.2178
		17	3.91458
		18	3.78375
	0
	0
	3
		15	2.82412
		14	2.55411
		16	5.63144
	3
		17	4.26477
		19	3.08262
		18	3.82756
	5
		9	6.52326
		10	6.74631
		11	6.68447
		8	7.14687
		7	7.37487
	2
		13	7.59565
		12	7.79788
	3
		15	3.15328
		14	3.17459
		16	2.82748
	3
		17	4.24375
		19	3.29853
		18	3.78107
	0
	0
	3
		16	3.12083
		15	2.68241
		14	2.7241
	3
		18	3.35165
		19	3.35464
		17	3.44029
	5
		7	7.28178
		11	6.86117
		8	6.51689
		10	6.7809
		9	6.78629
	2
		12	7.56699
		13	7.66136
	3
		16	2.4096
		15	2.58345
		14	2.54963
	3
		17	3.27216
		19	3.74394
		18	3.99711
	0
	0
	3
		14	2.64176
		16	3.53352
		15	2.65943
	3
		19	3.51799
		17	3.19943
		18	3.13133
	5
		10	6.75795
		7	6.7867
		8	6.81616
		11	6.81928
		9	6.80048
	2
		13	7.25266
		12	7.66421
	3
		15	2.80486
		16	3.79025
		14	2.52092
	3
		17	3.83902
		18	2.9156
		19	3.08979
	0
	0
	3
		16	3.79026
		15	2.54141
		14	2.77028
	3
		18	2.86869
		19	2.91632
		17	3.96828
	5
		8	6.81062
		10	6.92628
		9	6.83994
		11	7.18027
		7	6.81673
	2
		12	7.24889
		13	7.16503
	3
		15	2.86869
		16	3.90625
		14	2.87399
	3
		17	3.43802
		18	2.9258
		19	3.18277
	0
	0
	3
		14	2.72803
		16	3.54489
		15	2.79697
	3
		17	2.50123
		19	2.75616
		18	3.35114
	5
		8	6.87626
		7	6.8446
		10	6.88256
		11	7.13939
		9	6.96492
	2
		13	6.94997
		12	7.14318
	3
		14	3.12272
		15	2.17363
		16	4.65332
	3
		19	3.0339
		17	3.41635
		18	2.96075
	0
	0
	3
		15	1.53295
		14	2.84283
		16	3.86586
	3
		17	2.96136
		18	3.31015
		19	2.94802
	5
		7	6.91093
		8	7.06402
		10	7.07794
		9	7.12815
		11	7.23878
	2
		12	6.9797
		13	6.9031
	3
		16	3.97348
		14	2.02893
		15	1.61806
	3
		19	3.16476
		18	3.12965
		17	3.02898
	0
	0
	3
		14	2.10606
		15	2.08056
		16	3.96212
	3
		17	2.56239
		19	3.06274
		18	2.83928
	5
		11	7.06442
		10	7.14812
		9	7.28307
		8	7.09893
		7	6.89791
	2
		13	6.77931
		12	6.86096
	3
		16	3.4807
		15	2.14318
		14	1.60851
	3
		17	3.05057
		18	2.82961
		19	4.15317
	0
	0
	3
		15	2.79959
		14	2.86306
		16	3.65888
	3
		18	3.93529
		17	3.35289
		19	2.70194
	5
		7	7.09534
		8	7.01815
		11	7.12521
		9	7.29192
		10	7.10788
	2
		13	6.60741
		12	6.89177
	3
		16	4.01023
		15	2.58388
		14	2.41226
	3
		17	3.01155
		18	2.94602
		19	2.61932
	0
	0
	3
		14	1.93773
		16	3.52865
		15	2.01717
	3
		18	2.4221
		17	3.13598
		19	2.43851
	5
		11	7.03306
		8	7.10565
		7	7.33895
		10	7.01009
		9	7.08333
	2
		13	6.539
		12	6.66632
	3
		16	3.71565
		15	1.96061
		14	1.92821
	3
		19	2.65063
		17	2.67121
		18	2.63523
	0
	0
	3
		14	1.90573
		16	3.25663
		15	2.49848
	3
		19	2.65492
		17	2.43251
		18	2.13415
	5
		8	7.25291
		7	6.92977
		9	6.9217
		10	6.85755
		11	6.86052
	2
		13	5.70385
		12	6.59621
	3
		14	2.13777
		15	1.87536
		16	3.4233
	3
		17	2.39034
		18	2.28939
		19	2.46371
	0
	0
	3
		15	1.9346
		14	1.97913
		16	3.39463
	3
		19	2.41225
		18	2.81336
		17	2.58845
	5
		7	6.96157
		10	6.95482
		9	6.88383
		11	6.87019
		8	7.08123
	2
		13	5.78319
		12	5.7149
	3
		15	1.88379
		14	2.35287
		16	3.29579
	3
		18	2.1646
		19	2.20155
		17	2.42837
	0
	0
	3
		16	3.33655
		15	2.59192
		14	1.98288
	3
		19	2.80114
		18	2.20064
		17	2.43958
	5
		9	7.02612
		11	6.68858
		8	6.89524
		7	7.0681
		10	6.79517
	2
		12	5.82506
		13	5.9873
	3
		15	2.17433
		14	2.19556
		16	3.12042
	3
		18	2.15539
		19	2.87973
		17	2.1778
	0
	0
	3
		15	1.98485
		16	3.42614
		14	2.02299
	3
		18	2.5235
		19	2.9898
		17	2.47904
	5
		9	6.74253
		10	6.60443
		8	6.78894
		11	6.55269
		7	6.89479
	2
		12	5.94878
		13	5.95917
	3
		15	1.53889
		14	2.0037
		16	3
	3
		17	2.54148
		18	3.56448
		19	2.74795
	0
	0
	3
		14	2.10497
		16	3.54924
		15	1.68687
	3
		18	2.94072
		17	2.21094
		19	2.52841
	5
		7	6.9634
		11	6.53431
		9	6.62653
		10	6.63847
		8	6.69978
	2
		13	5.91161
		12	6.01945
	3
		15	1.92626
		14	1.94397
		16	3.00208
	3
		17	2.62296
		19	2.53068
		18	3.79279
	0
	0
	3
		14	1.53594
		16	2.9349
		15	1.63704
	3
		18	2.40592
		19	2.63889
		17	2.39499
	5
		7	6.86969
		9	6.49689
		11	6.32132
		8	6.62044
		10	6.35369
	2
		13	6.20684
		12	5.91888
	3
		15	1.98788
		14	1.69864
		16	3.45455
	3
		19	2.38542
		17	3.10417
		18	2.59112
	0
	0
	3
		16	3.27273
		14	1.93605
		15	1.77273
	3
		19	2.51894
		17	2.68371
		18	2.64583
	5
		11	6.19336
		7	6.58709
		9	6.34888
		10	6.37013
		8	6.39258
	2
		12	6.11079
		13	6.22347
	3
		14	1.85518
		15	1.6202
		16	3.18352
	3
		17	2.90019
		19	2.33144
		18	3.02727
	0
	0
	3
		16	3.0928
		14	1.64341
		15	1.73737
	3
		17	2.3089
		18	2.33058
		19	2.68056
	5
		8	6.28312
		9	6.20011
		7	6.25896
		10	6.12709
		11	6.07025
	2
		13	6.31072
		12	6.03137
	3
		15	1.75657
		14	1.90592
		16	2.13972
	3
		17	2.62273
		18	2.77479
		19	2.37121
	0
	0
	3
		15	1.94545
		16	2.91562
		14	1.98203
	3
		19	2.64583
		17	2.35909
		18	2.46488
	5
		7	6.24599
		8	6.1992
		11	4.92202
		10	6.04089
		9	6.09869
	2
		13	6.20471
		12	6.24892
	3
		15	1.99192
		16	2.57538
		14	1.95446
	3
		17	2.36818
		18	2.72521
		19	2.39015
	0
	0
	3
		16	2.55682
		15	1.79074
		14	1.70833
	3
		18	2.78512
		19	2.38258
		17	2.39091
	5
		10	4.92883
		7	6.16237
		9	5.93533
		8	6.0473
		11	5.05541
	2
		13	6.21483
		12	5.95326
	3
		15	1.95833
		14	1.98943
		16	3.23409
	3
		19	2.35795
		18	2.3905
		17	2.5875
	0
	0
	3
		14	1.81492
		16	1.7526
		15	1.7787
	3
		18	2.40289
		17	2.47955
		19	2.39962
	5
		9	4.86919
		10	4.92135
		8	5.94698
		11	5.0451
		7	6.05241
	2
		13	6.11879
		12	6.00633
	3
		14	1.77907
		15	1.95741
		16	1.69525
	3
		18	2.3447
		19	2.58712
		17	2.09318
	0
	0
	3
		16	1.63437
		15	1.83535
		14	2
	3
		19	2.34896
		17	2.41591
		18	2.42614
	5
		8	4.87728
		9	4.95071
		7	5.99033
		11	5.06368
		10	4.94139
	2
		13	6.1379
		12	5.92378
	3
		15	1.85758
		14	1.96124
		16	1.61146
	3
		17	2.35909
		19	2.24653
		18	2.31818
	0
	0
	3
		14	1.84205
		16	1.77462
		15	1.87677
	3
		19	2.25189
		18	2.22727
		17	2.25417
	5
		10	5.00248
		11	5.16165
		7	4.98397
		8	4.91496
		9	5.02529
	2
		13	6.00381
		12	6.09961
	3
		14	1.98943
		16	1.73074
		15	1.8697
	3
		18	2.47159
		19	2.1553
		17	2.09318
	0
	0
	3
		16	1.86441
		15	1.97778
		14	1.89826
	3
		17	2.16042
		19	2.36458
		18	2.17614
	5
		9	5.02142
		8	5.09361
		7	5.0537
		11	5.0775
		10	5.0832
	2
		12	5.98008
		13	5.88314
	3
		15	0.912963
		16	1.78068
		14	2
	3
		18	2.19628
		19	2.17424
		17	2.20682
	0
	0
	3
		14	1.99894
		15	0.939394
		16	1.87965
	3
		17	2.43125
		19	2.07465
		18	2.1095
	5
		9	5.11354
		8	5.12257
		7	5.07721
		10	5.15115
		11	5.34432
	2
		12	5.91301
		13	5.73534
	3
		14	0.962209
		16	2.16383
		15	0.958774
	3
		19	2.05903
		18	2.05114
		17	2.36591
	0
	0
	3
		16	2.07231
		15	0.992424
		14	1
	3
		17	2.01042
		18	2.42355
		19	2.01705
	5
		7	5.15956
		8	5.18686
		11	5.17181
		9	5.22103
		10	5.16809
	2
		13	5.65028
		12	5.87179
	3
		16	2.91136
		15	1
		14	1
	3
		19	2.00347
		17	2
		18	2.08333
	0
	0
	3
		14	1
		15	1
		16	2.32645
	3
		19	1.00868
		17	2.45
		18	2.00379
	5
		10	5.11969
		9	5.26251
		8	5.40739
		7	5.19241
		11	5.1461
	2
		13	5.6525
		12	5.7204
	3
		14	1
		15	1
		16	2.375
	3
		17	2.00909
		18	2
		19	1
	0
	0
	3
		14	1
		15	1
		16	2.02273
	3
		19	1.28819
		17	2.03542
		18	1.30372
	5
		9	5.19582
		10	5.10714
		7	5.23495
		8	5.44441
		11	5.25479
	2
		13	5.60884
		12	5.72235
	3
		16	2.90455
		15	1
		14	1
	3
		17	2.23409
		18	1.45455
		19	1.87689
	0
	0
	3
		14	1
		15	1
		16	2
	3
		18	1.89015
		17	1
		19	1
	5
		8	5.46689
		7	5.39486
		10	5.28685
		11	5.36629
		9	5.15899
	2
		13	5.44236
		12	5.55841
	3
		14	1
		16	2
		15	1
	3
		17	1.01136
		19	1
		18	1.43388
	0
	0
	3
		16	2
		14	1
		15	1
	3
		17	1
		18	1
		19	1
	5
		11	5.43388
		10	5.29657
		9	5.34792
		8	5.38932
		7	5.45591
	2
		12	5.55977
		13	4.29009
	3
		15	1
		14	1
		16	2
	3
		18	1.19835
		19	1.01136
		17	1.02273
	0
	0
	3
		16	2
		15	1
		14	1
	3
		18	1
		17	1.025
		19	1.00189
	5
		11	5.3573
		9	5.31979
		10	5.31261
		8	5.43839
		7	5.32376
	2
		13	4.35605
		12	4.33361
	3
		16	2
		15	1
		14	1
	3
		19	1.00174
		18	1.38843
		17	1.00208
	0
	0
	3
		16	2
		14	1
		15	1
	3
		19	1
		18	1.00189
		17	1.02273
	5
		9	5.55532
		7	5.39434
		10	5.2961
		11	5.3253
		8	5.30358
	2
		12	4.32764
		13	4.3281
	3
		16	2
		14	1
		15	1
	3
		18	1
		17	1.075
		19	1.00174
	0
	0
	3
		15	1
		16	2
		14	1
	3
		18	1.02066
		17	1.05455
		19	1.17992
	5
		10	5.30545
		7	5.42672
		11	5.32069
		8	5.4081
		9	5.40636
	2
		13	4.41226
		12	4.30388
	3
		15	1
		16	2
		14	1
	3
		19	1.07386
		18	1
		17	1
	0
	0
	3
		16	2
		14	1
		15	1
	3
		18	1.3719
		17	1
		19	1
	5
		8	5.32846
		7	5.43111
		11	5.31464
		9	5.28248
		10	5.28154
	2
		12	4.2778
		13	4.38817
	3
		16	2
		15	1
		14	1
	3
		17	1
		19	1.02083
		18	1.02273
	0
	0
	3
		14	1
		15	1
		16	2
	3
		19	1
		17	1
		18	1.24587
	5
		11	5.15662
		7	5.33753
		9	5.26329
		8	5.28778
		10	5.23572
	2
		13	4.45892
		12	4.33593
	3
		16	2
		14	1
		15	1
	3
		19	1
		18	1.38636
		17	1.375
	0
	0
	3
		14	1
		16	2
		15	1
	3
		19	1
		17	1.31042
		18	1
	5
		9	5.16339
		10	5.12872
		8	5.24572
		7	5.14862
		11	5.12554
	2
		12	4.5229
		13	4.45426
	3
		15	1
		16	2
		14	1
	3
		18	1
		17	1.925
		19	1
	0
	0
	3
		15	1
		14	1
		16	2
	3
		18	1
		17	1
		19	1
	5
		9	5.11443
		11	5.0115
		7	5.1746
		10	5.13101
		8	5.12791
	2
		13	4.59315
		12	4.44097
	3
		14	1
		15	1
		16	2
	3
		17	1
		18	1
		19	1
	0
	0
	3
		14	1
		16	2
		15	1
	3
		17	1
		19	1
		18	1
	5
		11	4.04452
		8	5.07691
		7	5.132
		10	5.02059
		9	5.10224
	2
		12	4.55652
		13	4.33833
	3
		15	1
		14	1
		16	2
	3
		19	1
		17	1
		18	1
	0
	0
	3
		16	1
		14	1
		15	1
	3
		18	1
		19	1
		17	1
	5
		8	5.01462
		7	5.04458
		11	3.85397
		9	4.97948
		10	3.92922
	2
		12	4.32723
		13	4.40026
	3
		15	1
		14	1
		16	1
	3
		19	1
		17	1
		18	1
	0
	0
	3
		15	1
		14	1
		16	1
	3
		19	1
		18	1
		17	1
	5
		9	3.90924
		8	4.89784
		11	3.8257
		10	3.83545
		7	5.00814
	2
		13	4.31402
		12	4.44147
	3
		15	1
		16	1
		14	1
	3
		17	1
		18	1
		19	1
	0
	0
	3
		15	1
		16	1
		14	1
	3
		17	1
		19	1
		18	1
	5
		10	3.75066
		7	4.88271
		11	3.74337
		8	3.7541
		9	3.75537
	2
		12	4.23866
		13	4.43577
	3
		15	1
		16	1
		14	1
	3
		17	1
		18	1
		19	1
	0
	0
	3
		14	1
		16	1
		15	1
	3
		19	1
		17	1
		18	1
	5
		9	3.72627
		10	3.69773
		8	3.74182
		11	3.6949
		7	3.72191
	2
		12	4.55275
		13	4.41629
	3
		14	1
		15	1
		16	1
	3
		17	1
		19	1
		18	1
	0
	0
	3
		16	1
		15	1
		14	1
	3
		17	1
		18	1
		19	1
	5
		8	3.71138
		11	3.72322
		10	3.66191
		7	3.79109
		9	3.70593
	2
		12	4.27958
		13	4.53231
	3
		14	1
		16	1
		15	1
	3
		18	1
		17	1
		19	1
	0
	0
	3
		15	1
		16	1
		14	1
	3
		17	1
		18	1
		19	1
	5
		10	3.67292
		8	3.65215
		7	3.71478
		9	3.69428
		11	3.67704
	2
		12	4.44364
		13	4.30239
	3
		16	1
		14	1
		15	1
	3
		19	1
		17	1
		18	1
	0
	0
	3
		15	1
		14	1
		16	1
	3
		18	1
		19	1
		17	1
	5
		11	3.74339
		9	3.69083
		10	3.70174
		7	3.69766
		8	3.69389
	2
		12	4.40446
		13	4.33122
	3
		16	1
		14	1
		15	1
	3
		19	1
		18	1
		17	1
	0
	0
	3
		14	1
		15	1
		16	1
	3
		17	1
		19	1
		18	1
	5
		11	3.30571
		9	3.72332
		7	3.69327
		8	3.69476
		10	3.72441
	2
		12	4.4635
		13	4.3186
	3
		16	1
		14	1
		15	1
	3
		19	1
		17	1
		18	1
	0
	0
	0
	0
	5
		7	3.71114
		8	3.71231
		9	3.83772
		10	3.33283
		11	3.40615
	2
		13	4.40544
		12	4.36285
	0
	0
	0
	0
	0
	0
	5
		8	3.7558
		11	3.37596
		9	3.28997
		10	3.33274
		7	3.7385
	2
		12	4.26009
		13	4.37928
	0
	0
	0
	0
	0
	0
	5
		8	3.33577
		7	3.83848
		9	3.42749
		11	3.4495
		10	3.41037
	2
		12	4.37318
		13	3.33429
	0
	0
	0
	0
	0
	0
	5
		10	3.48501
		11	3.53577
		8	3.42444
		7	3.35468
		9	3.45767
	2
		12	3.18398
		13	3.25823
	0
	0
	0
	0
	0
	0
	5
		11	3.60077
		9	3.52151
		8	3.49371
		7	3.43641
		10	3.52476
	2
		12	3.23769
		13	3.19359
	0
	0
	0
	0
	0
	0
	5
		9	3.55497
		8	3.53817
		11	3.62659
		10	3.58334
		7	3.52577
	2
		13	3.16421
		12	3.14297
	0
	0
	0
	0
	0
	0
	5
		7	3.59474
		8	3.59325
		10	3.64309
		11	3.66859
		9	3.62856
	2
		13	3.12301
		12	3.09624
	0
	0
	0
	0
	0
	0
	5
		7	3.62192
		10	3.67846
		9	3.6521
		8	3.65359
		11	3.65859
	2
		12	3.07442
		13	3.10391
	0
	0
	0
	0
	0
	0
	5
		10	3.65971
		11	3.70615
		7	3.69846
		8	3.65966
		9	3.68678
	2
		13	3.02141
		12	3.16532
	0
	0
	0
	0
	0
	0
	5
		10	3.64992
		11	3.65364
		8	3.63684
		7	3.67017
		9	3.6618
	2
		13	3.09078
		12	3.01814
	0
	0
	0
	0
	0
	0
	5
		11	2.66692
		8	3.65004
		10	3.64434
		9	3.66
		7	3.67391
	2
		12	3.07322
		13	2.54231
	0
	0
	0
	0
	0
	0
	5
		8	3.64936
		11	2.64256
		9	3.67488
		10	2.66517
		7	3.62712
	2
		12	2.50639
		13	2.56192
	0
	0
	0
	0
	0
	0
	5
		10	2.63958
		9	2.66415
		11	2.59499
		7	3.625
		8	3.6766
	2
		12	2.53442
		13	2.54038
	0
	0
	0
	0
	0
	0
	5
		11	2.56731
		10	2.58448
		8	2.64536
		7	3.65458
		9	2.60674
	2
		12	2.60871
		13	2.56833
	0
	0
	0
	0
	0
	0
	5
		11	2.54879
		7	2.6096
		8	2.59395
		9	2.59069
		10	2.57804
	2
		12	2.58436
		13	2.53526
	0
	0
	0
	0
	0
	0
	5
		9	2.54
		10	2.54979
		7	2.60678
		8	2.57953
		11	2.52436
	2
		12	2.60917
		13	2.64897
	0
	0
	0
	0
	0
	0
	5
		10	2.5635
		9	2.55306
		11	2.49731
		8	2.54949
		7	2.59679
	2
		12	2.63258
		13	2.69218
	0
	0
	0
	0
	0
	0
	5
		10	2.46951
		8	2.49652
		7	2.51698
		9	2.50613
		11	2.52445
	2
		13	2.68864
		12	2.65896
	0
	0
	0
	0
	0
	0
	5
		11	1.86462
		7	2.49904
		8	2.485
		9	2.45479
		10	2.42713
	2
		12	2.70909
		13	2.68795
	0
	0
	0
	0
	0
	0
	5
		10	1.86434
		11	1.87564
		7	2.47942
		8	2.4691
		9	2.44303
	2
		12	2.66825
		13	2.68308
	0
	0
	0
	0
	0
	0
	5
		8	2.41596
		9	1.85985
		10	1.87259
		11	1.88321
		7	2.46397
	2
		12	2.65245
		13	2.67231
	0
	0
	0
	0
	0
	0
	5
		10	1.87762
		9	1.86538
		7	2.44832
		11	1.88782
		8	1.85043
	2
		13	1.66795
		12	2.65664
	0
	0
	0
	0
	0
	0
	5
		10	1.88979
		9	1.87877
		8	1.8653
		7	1.84846
		11	1.89897
	2
		13	1.65141
		12	1.66056
	0
	0
	0
	0
	0
	0
	5
		8	1.88496
		7	1.87058
		9	1.89646
		11	1.91372
		10	1.90587
	2
		12	1.67357
		13	1.65231
	0
	0
	0
	0
	0
	0
	5
		10	1.92238
		7	1.89327
		8	1.90513
		9	1.91462
		11	1.92885
	2
		12	1.69427
		13	1.6509
	0
	0
	0
	0
	0
	0
	5
		7	1.91423
		11	1.94282
		10	1.93762
		8	1.92376
		9	1.93138
	2
		12	1.62559
		13	1.66295
	0
	0
	0
	0
	0
	0
	5
		9	1.94538
		11	1.95449
		8	1.93932
		10	1.95035
		7	1.93173
	2
		12	1.65804
		13	1.6041
	0
	0
	0
	0
	0
	0
	5
		7	1.9425
		8	1.94889
		11	1.96167
		9	1.954
		10	1.95818
	2
		13	1.59885
		12	1.59343
	0
	0
	0
	0
	0
	0
	5
		8	1.97214
		10	1.9772
		7	1.96865
		9	1.97492
		11	1.9791
	2
		12	1.57413
		13	1.65013
	0
	0
	0
	0
	0
	0
	5
		11	0.999064
		10	1.99902
		8	1.9988
		9	1.99892
		7	1.99865
	2
		12	1.65371
		13	0.999064
	0
	0
	0
	0
	0
	0
	5
		11	1
		8	2
		10	1
		9	2
		7	2
	2
		12	1
		13	1
	0
	0
	0
	0
	0
	0
	5
		8	2
		7	2
		9	1
		11	1
		10	1
	2
		13	1
		12	1
	0
	0
	0
	0
	0
	0
	5
		9	1
		10	1
		7	2
		8	1
		11	1
	2
		12	1
		13	1
	0
	0
	0
	0
	0
	0
	5
		9	1
		7	1
		8	1
		11	1
		10	1
	2
		12	1
		13	1
	0
	0
	0
	0
	0
	0
	5
		8	1
		9	1
		7	1
		11	1
		10	1
	2
		13	1
		12	1
	0
	0
	0
	0
	0
	0
	5
		8	1
		9	1
		10	1
		7	1
		11	1
	2
		12	1
		13	1
	0
	0
	0
	0
	0
	0
	5
		7	1
		8	1
		10	1
		11	1
		9	1
	2
		13	1
		12	1
	0
	0
	0
	0
	0
	0
	5
		11	1
		7	1
		9	1
		8	1
		10	1
	2
		13	1
		12	1
	0
	0
	0
	0
	0
	0
	5
		8	1
		11	1
		10	1
		7	1
		9	1
	2
		12	1
		13	1
	0
	0
	0
	0
	0
	0
	5
		11	1
		7	1
		10	1
		9	1
		8	1
	2
		12	1
		13	1
	0
	0
	0
	0
	0
	0
	5
		10	1
		7	1
		11	1
		8	1
		9	1
	2
		12	1
		13	1
	0
	0
