171
-32.101 0.833717 0.1 325 407
wall 0 0 325 16
wall 0 16 45 22
window 45 16 22 22
wall 67 16 16 22
window 83 16 20 22
wall 103 16 16 22
window 119 16 20 22
wall 139 16 16 22
window 155 16 20 22
wall 175 16 16 22
window 191 16 20 22
wall 211 16 16 22
window 227 16 24 22
wall 251 16 16 22
window 267 16 24 22
wall 291 16 16 22
wall 307 16 18 22
wall 0 38 325 16
wall 0 54 45 22
window 45 54 22 22
wall 67 54 16 22
window 83 54 20 22
wall 103 54 16 22
window 119 54 20 22
wall 139 54 16 22
window 155 54 20 22
wall 175 54 16 22
window 191 54 20 22
wall 211 54 16 22
window 227 54 24 22
wall 251 54 16 22
window 267 54 24 22
wall 291 54 16 22
wall 307 54 18 22
wall 0 76 325 16
wall 0 92 45 24
window 45 92 22 24
wall 67 92 16 24
window 83 92 20 24
wall 103 92 16 24
window 119 92 20 24
wall 139 92 16 24
window 155 92 20 24
wall 175 92 16 24
window 191 92 20 24
wall 211 92 16 24
window 227 92 24 24
wall 251 92 16 24
window 267 92 24 24
wall 291 92 16 24
wall 307 92 18 24
wall 0 116 325 18
wall 0 134 45 24
window 45 134 22 24
wall 67 134 16 24
window 83 134 20 24
wall 103 134 16 24
window 119 134 20 24
wall 139 134 16 24
window 155 134 20 24
wall 175 134 16 24
window 191 134 20 24
wall 211 134 16 24
window 227 134 24 24
wall 251 134 16 24
window 267 134 24 24
wall 291 134 16 24
wall 307 134 18 24
wall 0 158 325 18
wall 0 176 45 24
window 45 176 22 24
wall 67 176 16 24
window 83 176 20 24
wall 103 176 16 24
window 119 176 20 24
wall 139 176 16 24
window 155 176 20 24
wall 175 176 16 24
window 191 176 20 24
wall 211 176 16 24
window 227 176 24 24
wall 251 176 16 24
window 267 176 24 24
wall 291 176 16 24
wall 307 176 18 24
wall 0 200 325 24
wall 0 224 45 22
window 45 224 22 22
wall 67 224 16 22
window 83 224 20 22
wall 103 224 16 22
window 119 224 20 22
wall 139 224 16 22
window 155 224 20 22
wall 175 224 16 22
window 191 224 20 22
wall 211 224 16 22
window 227 224 24 22
wall 251 224 16 22
window 267 224 24 22
wall 291 224 16 22
wall 307 224 18 22
wall 0 246 325 24
wall 0 270 45 22
window 45 270 22 22
wall 67 270 16 22
window 83 270 20 22
wall 103 270 16 22
window 119 270 20 22
wall 139 270 16 22
window 155 270 20 22
wall 175 270 16 22
window 191 270 20 22
wall 211 270 16 22
window 227 270 24 22
wall 251 270 16 22
window 267 270 24 22
wall 291 270 16 22
wall 307 270 18 22
wall 0 292 325 16
wall 0 308 45 22
window 45 308 22 22
wall 67 308 16 22
window 83 308 20 22
wall 103 308 16 22
window 119 308 20 22
wall 139 308 16 22
window 155 308 20 22
wall 175 308 16 22
window 191 308 20 22
wall 211 308 16 22
window 227 308 24 22
wall 251 308 16 22
window 267 308 24 22
wall 291 308 16 22
wall 307 308 18 22
wall 0 330 325 16
wall 0 346 45 22
window 45 346 22 22
wall 67 346 16 22
window 83 346 20 22
wall 103 346 16 22
window 119 346 20 22
wall 139 346 16 22
window 155 346 20 22
wall 175 346 16 22
window 191 346 20 22
wall 211 346 16 22
window 227 346 24 22
wall 251 346 16 22
window 267 346 24 22
wall 291 346 16 22
wall 307 346 18 22
wall 0 368 325 16
wall 0 384 45 22
window 45 384 22 22
wall 67 384 16 22
window 83 384 20 22
wall 103 384 16 22
window 119 384 20 22
wall 139 384 16 22
window 155 384 20 22
wall 175 384 16 22
window 191 384 20 22
wall 211 384 16 22
window 227 384 24 22
wall 251 384 16 22
window 267 384 24 22
wall 291 384 16 22
wall 307 384 18 22
wall 0 406 325 1
