637
0 0 -6.27744e+066 800 600
wall 0 0 25 43
window 25 0 29 43
wall 54 0 11 43
window 65 0 49 43
wall 114 0 19 43
window 133 0 27 43
wall 160 0 47 43
window 207 0 35 43
wall 242 0 19 43
window 261 0 31 43
wall 292 0 21 43
window 313 0 23 43
wall 336 0 25 43
window 361 0 23 43
wall 384 0 33 43
window 417 0 41 43
wall 458 0 15 43
window 473 0 45 43
wall 518 0 43 43
window 561 0 33 43
wall 594 0 19 43
window 613 0 25 43
wall 638 0 37 43
window 675 0 35 43
wall 710 0 15 43
window 725 0 33 43
wall 758 0 42 43
wall 0 43 21 27
balcony 21 43 35 27
wall 56 43 23 27
balcony 79 43 43 27
wall 122 43 17 27
balcony 139 43 39 27
wall 178 43 25 27
balcony 203 43 35 27
wall 238 43 19 27
balcony 257 43 51 27
wall 308 43 29 27
balcony 337 43 27 27
wall 364 43 23 27
balcony 387 43 25 27
wall 412 43 17 27
balcony 429 43 47 27
wall 476 43 39 27
balcony 515 43 23 27
wall 538 43 13 27
balcony 551 43 47 27
wall 598 43 37 27
balcony 635 43 35 27
wall 670 43 39 27
balcony 709 43 25 27
wall 734 43 35 27
wall 769 43 31 27
wall 0 70 25 19
window 25 70 29 19
wall 54 70 11 19
window 65 70 49 19
wall 114 70 19 19
window 133 70 27 19
wall 160 70 47 19
window 207 70 35 19
wall 242 70 19 19
window 261 70 31 19
wall 292 70 21 19
window 313 70 23 19
wall 336 70 25 19
window 361 70 23 19
wall 384 70 33 19
window 417 70 41 19
wall 458 70 15 19
window 473 70 45 19
wall 518 70 43 19
window 561 70 33 19
wall 594 70 19 19
window 613 70 25 19
wall 638 70 37 19
window 675 70 35 19
wall 710 70 15 19
window 725 70 33 19
wall 758 70 42 19
wall 0 89 21 27
balcony 21 89 35 27
wall 56 89 23 27
balcony 79 89 43 27
wall 122 89 17 27
balcony 139 89 39 27
wall 178 89 25 27
balcony 203 89 35 27
wall 238 89 19 27
balcony 257 89 51 27
wall 308 89 29 27
balcony 337 89 27 27
wall 364 89 23 27
balcony 387 89 25 27
wall 412 89 17 27
balcony 429 89 47 27
wall 476 89 39 27
balcony 515 89 23 27
wall 538 89 13 27
balcony 551 89 47 27
wall 598 89 37 27
balcony 635 89 35 27
wall 670 89 39 27
balcony 709 89 25 27
wall 734 89 35 27
wall 769 89 31 27
wall 0 116 25 23
window 25 116 29 23
wall 54 116 11 23
window 65 116 49 23
wall 114 116 19 23
window 133 116 27 23
wall 160 116 47 23
window 207 116 35 23
wall 242 116 19 23
window 261 116 31 23
wall 292 116 21 23
window 313 116 23 23
wall 336 116 25 23
window 361 116 23 23
wall 384 116 33 23
window 417 116 41 23
wall 458 116 15 23
window 473 116 45 23
wall 518 116 43 23
window 561 116 33 23
wall 594 116 19 23
window 613 116 25 23
wall 638 116 37 23
window 675 116 35 23
wall 710 116 15 23
window 725 116 33 23
wall 758 116 42 23
wall 0 139 21 19
balcony 21 139 35 19
wall 56 139 23 19
balcony 79 139 43 19
wall 122 139 17 19
balcony 139 139 39 19
wall 178 139 25 19
balcony 203 139 35 19
wall 238 139 19 19
balcony 257 139 51 19
wall 308 139 29 19
balcony 337 139 27 19
wall 364 139 23 19
balcony 387 139 25 19
wall 412 139 17 19
balcony 429 139 47 19
wall 476 139 39 19
balcony 515 139 23 19
wall 538 139 13 19
balcony 551 139 47 19
wall 598 139 37 19
balcony 635 139 35 19
wall 670 139 39 19
balcony 709 139 25 19
wall 734 139 35 19
wall 769 139 31 19
wall 0 158 25 37
window 25 158 29 37
wall 54 158 11 37
window 65 158 49 37
wall 114 158 19 37
window 133 158 27 37
wall 160 158 47 37
window 207 158 35 37
wall 242 158 19 37
window 261 158 31 37
wall 292 158 21 37
window 313 158 23 37
wall 336 158 25 37
window 361 158 23 37
wall 384 158 33 37
window 417 158 41 37
wall 458 158 15 37
window 473 158 45 37
wall 518 158 43 37
window 561 158 33 37
wall 594 158 19 37
window 613 158 25 37
wall 638 158 37 37
window 675 158 35 37
wall 710 158 15 37
window 725 158 33 37
wall 758 158 42 37
wall 0 195 21 13
balcony 21 195 35 13
wall 56 195 23 13
balcony 79 195 43 13
wall 122 195 17 13
balcony 139 195 39 13
wall 178 195 25 13
balcony 203 195 35 13
wall 238 195 19 13
balcony 257 195 51 13
wall 308 195 29 13
balcony 337 195 27 13
wall 364 195 23 13
balcony 387 195 25 13
wall 412 195 17 13
balcony 429 195 47 13
wall 476 195 39 13
balcony 515 195 23 13
wall 538 195 13 13
balcony 551 195 47 13
wall 598 195 37 13
balcony 635 195 35 13
wall 670 195 39 13
balcony 709 195 25 13
wall 734 195 35 13
wall 769 195 31 13
wall 0 208 25 21
window 25 208 29 21
wall 54 208 11 21
window 65 208 49 21
wall 114 208 19 21
window 133 208 27 21
wall 160 208 47 21
window 207 208 35 21
wall 242 208 19 21
window 261 208 31 21
wall 292 208 21 21
window 313 208 23 21
wall 336 208 25 21
window 361 208 23 21
wall 384 208 33 21
window 417 208 41 21
wall 458 208 15 21
window 473 208 45 21
wall 518 208 43 21
window 561 208 33 21
wall 594 208 19 21
window 613 208 25 21
wall 638 208 37 21
window 675 208 35 21
wall 710 208 15 21
window 725 208 33 21
wall 758 208 42 21
wall 0 229 21 21
balcony 21 229 35 21
wall 56 229 23 21
balcony 79 229 43 21
wall 122 229 17 21
balcony 139 229 39 21
wall 178 229 25 21
balcony 203 229 35 21
wall 238 229 19 21
balcony 257 229 51 21
wall 308 229 29 21
balcony 337 229 27 21
wall 364 229 23 21
balcony 387 229 25 21
wall 412 229 17 21
balcony 429 229 47 21
wall 476 229 39 21
balcony 515 229 23 21
wall 538 229 13 21
balcony 551 229 47 21
wall 598 229 37 21
balcony 635 229 35 21
wall 670 229 39 21
balcony 709 229 25 21
wall 734 229 35 21
wall 769 229 31 21
wall 0 250 25 35
window 25 250 29 35
wall 54 250 11 35
window 65 250 49 35
wall 114 250 19 35
window 133 250 27 35
wall 160 250 47 35
window 207 250 35 35
wall 242 250 19 35
window 261 250 31 35
wall 292 250 21 35
window 313 250 23 35
wall 336 250 25 35
window 361 250 23 35
wall 384 250 33 35
window 417 250 41 35
wall 458 250 15 35
window 473 250 45 35
wall 518 250 43 35
window 561 250 33 35
wall 594 250 19 35
window 613 250 25 35
wall 638 250 37 35
window 675 250 35 35
wall 710 250 15 35
window 725 250 33 35
wall 758 250 42 35
wall 0 285 21 17
balcony 21 285 35 17
wall 56 285 23 17
balcony 79 285 43 17
wall 122 285 17 17
balcony 139 285 39 17
wall 178 285 25 17
balcony 203 285 35 17
wall 238 285 19 17
balcony 257 285 51 17
wall 308 285 29 17
balcony 337 285 27 17
wall 364 285 23 17
balcony 387 285 25 17
wall 412 285 17 17
balcony 429 285 47 17
wall 476 285 39 17
balcony 515 285 23 17
wall 538 285 13 17
balcony 551 285 47 17
wall 598 285 37 17
balcony 635 285 35 17
wall 670 285 39 17
balcony 709 285 25 17
wall 734 285 35 17
wall 769 285 31 17
wall 0 302 25 13
window 25 302 29 13
wall 54 302 11 13
window 65 302 49 13
wall 114 302 19 13
window 133 302 27 13
wall 160 302 47 13
window 207 302 35 13
wall 242 302 19 13
window 261 302 31 13
wall 292 302 21 13
window 313 302 23 13
wall 336 302 25 13
window 361 302 23 13
wall 384 302 33 13
window 417 302 41 13
wall 458 302 15 13
window 473 302 45 13
wall 518 302 43 13
window 561 302 33 13
wall 594 302 19 13
window 613 302 25 13
wall 638 302 37 13
window 675 302 35 13
wall 710 302 15 13
window 725 302 33 13
wall 758 302 42 13
wall 0 315 21 31
balcony 21 315 35 31
wall 56 315 23 31
balcony 79 315 43 31
wall 122 315 17 31
balcony 139 315 39 31
wall 178 315 25 31
balcony 203 315 35 31
wall 238 315 19 31
balcony 257 315 51 31
wall 308 315 29 31
balcony 337 315 27 31
wall 364 315 23 31
balcony 387 315 25 31
wall 412 315 17 31
balcony 429 315 47 31
wall 476 315 39 31
balcony 515 315 23 31
wall 538 315 13 31
balcony 551 315 47 31
wall 598 315 37 31
balcony 635 315 35 31
wall 670 315 39 31
balcony 709 315 25 31
wall 734 315 35 31
wall 769 315 31 31
wall 0 346 25 15
window 25 346 29 15
wall 54 346 11 15
window 65 346 49 15
wall 114 346 19 15
window 133 346 27 15
wall 160 346 47 15
window 207 346 35 15
wall 242 346 19 15
window 261 346 31 15
wall 292 346 21 15
window 313 346 23 15
wall 336 346 25 15
window 361 346 23 15
wall 384 346 33 15
window 417 346 41 15
wall 458 346 15 15
window 473 346 45 15
wall 518 346 43 15
window 561 346 33 15
wall 594 346 19 15
window 613 346 25 15
wall 638 346 37 15
window 675 346 35 15
wall 710 346 15 15
window 725 346 33 15
wall 758 346 42 15
wall 0 361 21 19
balcony 21 361 35 19
wall 56 361 23 19
balcony 79 361 43 19
wall 122 361 17 19
balcony 139 361 39 19
wall 178 361 25 19
balcony 203 361 35 19
wall 238 361 19 19
balcony 257 361 51 19
wall 308 361 29 19
balcony 337 361 27 19
wall 364 361 23 19
balcony 387 361 25 19
wall 412 361 17 19
balcony 429 361 47 19
wall 476 361 39 19
balcony 515 361 23 19
wall 538 361 13 19
balcony 551 361 47 19
wall 598 361 37 19
balcony 635 361 35 19
wall 670 361 39 19
balcony 709 361 25 19
wall 734 361 35 19
wall 769 361 31 19
wall 0 380 25 37
window 25 380 29 37
wall 54 380 11 37
window 65 380 49 37
wall 114 380 19 37
window 133 380 27 37
wall 160 380 47 37
window 207 380 35 37
wall 242 380 19 37
window 261 380 31 37
wall 292 380 21 37
window 313 380 23 37
wall 336 380 25 37
window 361 380 23 37
wall 384 380 33 37
window 417 380 41 37
wall 458 380 15 37
window 473 380 45 37
wall 518 380 43 37
window 561 380 33 37
wall 594 380 19 37
window 613 380 25 37
wall 638 380 37 37
window 675 380 35 37
wall 710 380 15 37
window 725 380 33 37
wall 758 380 42 37
wall 0 417 21 33
balcony 21 417 35 33
wall 56 417 23 33
balcony 79 417 43 33
wall 122 417 17 33
balcony 139 417 39 33
wall 178 417 25 33
balcony 203 417 35 33
wall 238 417 19 33
balcony 257 417 51 33
wall 308 417 29 33
balcony 337 417 27 33
wall 364 417 23 33
balcony 387 417 25 33
wall 412 417 17 33
balcony 429 417 47 33
wall 476 417 39 33
balcony 515 417 23 33
wall 538 417 13 33
balcony 551 417 47 33
wall 598 417 37 33
balcony 635 417 35 33
wall 670 417 39 33
balcony 709 417 25 33
wall 734 417 35 33
wall 769 417 31 33
wall 0 450 25 11
window 25 450 29 11
wall 54 450 11 11
window 65 450 49 11
wall 114 450 19 11
window 133 450 27 11
wall 160 450 47 11
window 207 450 35 11
wall 242 450 19 11
window 261 450 31 11
wall 292 450 21 11
window 313 450 23 11
wall 336 450 25 11
window 361 450 23 11
wall 384 450 33 11
window 417 450 41 11
wall 458 450 15 11
window 473 450 45 11
wall 518 450 43 11
window 561 450 33 11
wall 594 450 19 11
window 613 450 25 11
wall 638 450 37 11
window 675 450 35 11
wall 710 450 15 11
window 725 450 33 11
wall 758 450 42 11
wall 0 461 21 21
balcony 21 461 35 21
wall 56 461 23 21
balcony 79 461 43 21
wall 122 461 17 21
balcony 139 461 39 21
wall 178 461 25 21
balcony 203 461 35 21
wall 238 461 19 21
balcony 257 461 51 21
wall 308 461 29 21
balcony 337 461 27 21
wall 364 461 23 21
balcony 387 461 25 21
wall 412 461 17 21
balcony 429 461 47 21
wall 476 461 39 21
balcony 515 461 23 21
wall 538 461 13 21
balcony 551 461 47 21
wall 598 461 37 21
balcony 635 461 35 21
wall 670 461 39 21
balcony 709 461 25 21
wall 734 461 35 21
wall 769 461 31 21
wall 0 482 25 29
window 25 482 29 29
wall 54 482 11 29
window 65 482 49 29
wall 114 482 19 29
window 133 482 27 29
wall 160 482 47 29
window 207 482 35 29
wall 242 482 19 29
window 261 482 31 29
wall 292 482 21 29
window 313 482 23 29
wall 336 482 25 29
window 361 482 23 29
wall 384 482 33 29
window 417 482 41 29
wall 458 482 15 29
window 473 482 45 29
wall 518 482 43 29
window 561 482 33 29
wall 594 482 19 29
window 613 482 25 29
wall 638 482 37 29
window 675 482 35 29
wall 710 482 15 29
window 725 482 33 29
wall 758 482 42 29
wall 0 511 21 31
balcony 21 511 35 31
wall 56 511 23 31
balcony 79 511 43 31
wall 122 511 17 31
balcony 139 511 39 31
wall 178 511 25 31
balcony 203 511 35 31
wall 238 511 19 31
balcony 257 511 51 31
wall 308 511 29 31
balcony 337 511 27 31
wall 364 511 23 31
balcony 387 511 25 31
wall 412 511 17 31
balcony 429 511 47 31
wall 476 511 39 31
balcony 515 511 23 31
wall 538 511 13 31
balcony 551 511 47 31
wall 598 511 37 31
balcony 635 511 35 31
wall 670 511 39 31
balcony 709 511 25 31
wall 734 511 35 31
wall 769 511 31 31
wall 0 542 25 21
window 25 542 29 21
wall 54 542 11 21
window 65 542 49 21
wall 114 542 19 21
window 133 542 27 21
wall 160 542 47 21
window 207 542 35 21
wall 242 542 19 21
window 261 542 31 21
wall 292 542 21 21
window 313 542 23 21
wall 336 542 25 21
window 361 542 23 21
wall 384 542 33 21
window 417 542 41 21
wall 458 542 15 21
window 473 542 45 21
wall 518 542 43 21
window 561 542 33 21
wall 594 542 19 21
window 613 542 25 21
wall 638 542 37 21
window 675 542 35 21
wall 710 542 15 21
window 725 542 33 21
wall 758 542 42 21
wall 0 563 21 23
balcony 21 563 35 23
wall 56 563 23 23
balcony 79 563 43 23
wall 122 563 17 23
balcony 139 563 39 23
wall 178 563 25 23
balcony 203 563 35 23
wall 238 563 19 23
balcony 257 563 51 23
wall 308 563 29 23
balcony 337 563 27 23
wall 364 563 23 23
balcony 387 563 25 23
wall 412 563 17 23
balcony 429 563 47 23
wall 476 563 39 23
balcony 515 563 23 23
wall 538 563 13 23
balcony 551 563 47 23
wall 598 563 37 23
balcony 635 563 35 23
wall 670 563 39 23
balcony 709 563 25 23
wall 734 563 35 23
wall 769 563 31 23
wall 0 586 800 14
