380
0 0 -6.27744e+066 800 600
wall 0 0 800 13
wall 0 13 19 25
window 19 13 11 25
wall 30 13 29 25
window 59 13 19 25
wall 78 13 27 25
window 105 13 27 25
wall 132 13 15 25
window 147 13 19 25
wall 166 13 21 25
window 187 13 21 25
wall 208 13 13 25
window 221 13 25 25
wall 246 13 13 25
window 259 13 13 25
wall 272 13 21 25
window 293 13 15 25
wall 308 13 25 25
window 333 13 23 25
wall 356 13 13 25
window 369 13 19 25
wall 388 13 15 25
window 403 13 17 25
wall 420 13 15 25
window 435 13 15 25
wall 450 13 13 25
window 463 13 23 25
wall 486 13 27 25
window 513 13 21 25
wall 534 13 25 25
window 559 13 23 25
wall 582 13 13 25
window 595 13 27 25
wall 622 13 29 25
window 651 13 15 25
wall 666 13 25 25
window 691 13 29 25
wall 720 13 21 25
window 741 13 19 25
wall 760 13 17 25
window 777 13 13 25
wall 790 13 10 25
wall 0 38 800 37
wall 0 75 19 27
window 19 75 11 27
wall 30 75 29 27
window 59 75 19 27
wall 78 75 27 27
window 105 75 27 27
wall 132 75 15 27
window 147 75 19 27
wall 166 75 21 27
window 187 75 21 27
wall 208 75 13 27
window 221 75 25 27
wall 246 75 13 27
window 259 75 13 27
wall 272 75 21 27
window 293 75 15 27
wall 308 75 25 27
window 333 75 23 27
wall 356 75 13 27
window 369 75 19 27
wall 388 75 15 27
window 403 75 17 27
wall 420 75 15 27
window 435 75 15 27
wall 450 75 13 27
window 463 75 23 27
wall 486 75 27 27
window 513 75 21 27
wall 534 75 25 27
window 559 75 23 27
wall 582 75 13 27
window 595 75 27 27
wall 622 75 29 27
window 651 75 15 27
wall 666 75 25 27
window 691 75 29 27
wall 720 75 21 27
window 741 75 19 27
wall 760 75 17 27
window 777 75 13 27
wall 790 75 10 27
wall 0 102 800 19
wall 0 121 19 33
window 19 121 11 33
wall 30 121 29 33
window 59 121 19 33
wall 78 121 27 33
window 105 121 27 33
wall 132 121 15 33
window 147 121 19 33
wall 166 121 21 33
window 187 121 21 33
wall 208 121 13 33
window 221 121 25 33
wall 246 121 13 33
window 259 121 13 33
wall 272 121 21 33
window 293 121 15 33
wall 308 121 25 33
window 333 121 23 33
wall 356 121 13 33
window 369 121 19 33
wall 388 121 15 33
window 403 121 17 33
wall 420 121 15 33
window 435 121 15 33
wall 450 121 13 33
window 463 121 23 33
wall 486 121 27 33
window 513 121 21 33
wall 534 121 25 33
window 559 121 23 33
wall 582 121 13 33
window 595 121 27 33
wall 622 121 29 33
window 651 121 15 33
wall 666 121 25 33
window 691 121 29 33
wall 720 121 21 33
window 741 121 19 33
wall 760 121 17 33
window 777 121 13 33
wall 790 121 10 33
wall 0 154 800 33
wall 0 187 19 37
window 19 187 11 37
wall 30 187 29 37
window 59 187 19 37
wall 78 187 27 37
window 105 187 27 37
wall 132 187 15 37
window 147 187 19 37
wall 166 187 21 37
window 187 187 21 37
wall 208 187 13 37
window 221 187 25 37
wall 246 187 13 37
window 259 187 13 37
wall 272 187 21 37
window 293 187 15 37
wall 308 187 25 37
window 333 187 23 37
wall 356 187 13 37
window 369 187 19 37
wall 388 187 15 37
window 403 187 17 37
wall 420 187 15 37
window 435 187 15 37
wall 450 187 13 37
window 463 187 23 37
wall 486 187 27 37
window 513 187 21 37
wall 534 187 25 37
window 559 187 23 37
wall 582 187 13 37
window 595 187 27 37
wall 622 187 29 37
window 651 187 15 37
wall 666 187 25 37
window 691 187 29 37
wall 720 187 21 37
window 741 187 19 37
wall 760 187 17 37
window 777 187 13 37
wall 790 187 10 37
wall 0 224 800 27
wall 0 251 19 25
window 19 251 11 25
wall 30 251 29 25
window 59 251 19 25
wall 78 251 27 25
window 105 251 27 25
wall 132 251 15 25
window 147 251 19 25
wall 166 251 21 25
window 187 251 21 25
wall 208 251 13 25
window 221 251 25 25
wall 246 251 13 25
window 259 251 13 25
wall 272 251 21 25
window 293 251 15 25
wall 308 251 25 25
window 333 251 23 25
wall 356 251 13 25
window 369 251 19 25
wall 388 251 15 25
window 403 251 17 25
wall 420 251 15 25
window 435 251 15 25
wall 450 251 13 25
window 463 251 23 25
wall 486 251 27 25
window 513 251 21 25
wall 534 251 25 25
window 559 251 23 25
wall 582 251 13 25
window 595 251 27 25
wall 622 251 29 25
window 651 251 15 25
wall 666 251 25 25
window 691 251 29 25
wall 720 251 21 25
window 741 251 19 25
wall 760 251 17 25
window 777 251 13 25
wall 790 251 10 25
wall 0 276 800 19
wall 0 295 19 35
window 19 295 11 35
wall 30 295 29 35
window 59 295 19 35
wall 78 295 27 35
window 105 295 27 35
wall 132 295 15 35
window 147 295 19 35
wall 166 295 21 35
window 187 295 21 35
wall 208 295 13 35
window 221 295 25 35
wall 246 295 13 35
window 259 295 13 35
wall 272 295 21 35
window 293 295 15 35
wall 308 295 25 35
window 333 295 23 35
wall 356 295 13 35
window 369 295 19 35
wall 388 295 15 35
window 403 295 17 35
wall 420 295 15 35
window 435 295 15 35
wall 450 295 13 35
window 463 295 23 35
wall 486 295 27 35
window 513 295 21 35
wall 534 295 25 35
window 559 295 23 35
wall 582 295 13 35
window 595 295 27 35
wall 622 295 29 35
window 651 295 15 35
wall 666 295 25 35
window 691 295 29 35
wall 720 295 21 35
window 741 295 19 35
wall 760 295 17 35
window 777 295 13 35
wall 790 295 10 35
wall 0 330 800 45
wall 0 375 19 45
window 19 375 11 45
wall 30 375 29 45
window 59 375 19 45
wall 78 375 27 45
window 105 375 27 45
wall 132 375 15 45
window 147 375 19 45
wall 166 375 21 45
window 187 375 21 45
wall 208 375 13 45
window 221 375 25 45
wall 246 375 13 45
window 259 375 13 45
wall 272 375 21 45
window 293 375 15 45
wall 308 375 25 45
window 333 375 23 45
wall 356 375 13 45
window 369 375 19 45
wall 388 375 15 45
window 403 375 17 45
wall 420 375 15 45
window 435 375 15 45
wall 450 375 13 45
window 463 375 23 45
wall 486 375 27 45
window 513 375 21 45
wall 534 375 25 45
window 559 375 23 45
wall 582 375 13 45
window 595 375 27 45
wall 622 375 29 45
window 651 375 15 45
wall 666 375 25 45
window 691 375 29 45
wall 720 375 21 45
window 741 375 19 45
wall 760 375 17 45
window 777 375 13 45
wall 790 375 10 45
wall 0 420 800 49
wall 0 469 19 37
window 19 469 11 37
wall 30 469 29 37
window 59 469 19 37
wall 78 469 27 37
window 105 469 27 37
wall 132 469 15 37
window 147 469 19 37
wall 166 469 21 37
window 187 469 21 37
wall 208 469 13 37
window 221 469 25 37
wall 246 469 13 37
window 259 469 13 37
wall 272 469 21 37
window 293 469 15 37
wall 308 469 25 37
window 333 469 23 37
wall 356 469 13 37
window 369 469 19 37
wall 388 469 15 37
window 403 469 17 37
wall 420 469 15 37
window 435 469 15 37
wall 450 469 13 37
window 463 469 23 37
wall 486 469 27 37
window 513 469 21 37
wall 534 469 25 37
window 559 469 23 37
wall 582 469 13 37
window 595 469 27 37
wall 622 469 29 37
window 651 469 15 37
wall 666 469 25 37
window 691 469 29 37
wall 720 469 21 37
window 741 469 19 37
wall 760 469 17 37
window 777 469 13 37
wall 790 469 10 37
wall 0 506 800 13
wall 0 519 19 29
window 19 519 11 29
wall 30 519 29 29
window 59 519 19 29
wall 78 519 27 29
window 105 519 27 29
wall 132 519 15 29
window 147 519 19 29
wall 166 519 21 29
window 187 519 21 29
wall 208 519 13 29
window 221 519 25 29
wall 246 519 13 29
window 259 519 13 29
wall 272 519 21 29
window 293 519 15 29
wall 308 519 25 29
window 333 519 23 29
wall 356 519 13 29
window 369 519 19 29
wall 388 519 15 29
window 403 519 17 29
wall 420 519 15 29
window 435 519 15 29
wall 450 519 13 29
window 463 519 23 29
wall 486 519 27 29
window 513 519 21 29
wall 534 519 25 29
window 559 519 23 29
wall 582 519 13 29
window 595 519 27 29
wall 622 519 29 29
window 651 519 15 29
wall 666 519 25 29
window 691 519 29 29
wall 720 519 21 29
window 741 519 19 29
wall 760 519 17 29
window 777 519 13 29
wall 790 519 10 29
wall 0 548 800 47
wall 0 595 800 5
