147
-0.110985 -0.0459385 0.1 187 216
wall 0 0 12 216
balcony 12 0 21 6
hole 12 6 21 13
wall 12 19 21 4
window 12 23 21 19
wall 12 42 21 4
balcony 12 46 21 6
hole 12 52 21 13
wall 12 65 21 4
window 12 69 21 17
wall 12 86 21 4
balcony 12 90 21 6
hole 12 96 21 13
wall 12 109 21 6
window 12 115 21 17
wall 12 132 21 3
balcony 12 135 21 6
hole 12 141 21 13
wall 12 154 21 4
window 12 158 21 17
wall 12 175 21 41
wall 33 0 6 216
balcony 39 0 21 6
hole 39 6 21 13
wall 39 19 21 3
window 39 22 21 19
wall 39 41 21 4
balcony 39 45 21 6
hole 39 51 21 13
wall 39 64 21 6
window 39 70 21 17
wall 39 87 21 3
balcony 39 90 21 6
hole 39 96 21 13
wall 39 109 21 4
window 39 113 21 17
wall 39 130 21 4
balcony 39 134 21 6
hole 39 140 21 13
wall 39 153 21 4
window 39 157 21 17
wall 39 174 21 6
wall 39 180 21 15
wall 39 195 21 4
wall 39 199 21 17
wall 60 0 6 216
wall 66 0 21 4
window 66 4 21 15
wall 66 19 21 4
balcony 66 23 21 6
hole 66 29 21 13
wall 66 42 21 6
window 66 48 21 15
wall 66 63 21 3
balcony 66 66 21 6
hole 66 72 21 13
wall 66 85 21 6
window 66 91 21 17
wall 66 108 21 3
balcony 66 111 21 6
hole 66 117 21 13
wall 66 130 21 6
window 66 136 21 17
wall 66 153 21 3
balcony 66 156 21 6
hole 66 162 21 13
wall 66 175 21 4
wall 66 179 21 17
wall 66 196 21 4
wall 66 200 21 16
wall 87 0 6 216
wall 93 0 21 4
window 93 4 21 15
wall 93 19 21 3
balcony 93 22 21 6
hole 93 28 21 13
wall 93 41 21 9
window 93 50 21 13
wall 93 63 21 3
balcony 93 66 21 6
hole 93 72 21 13
wall 93 85 21 8
window 93 93 21 15
wall 93 108 21 3
balcony 93 111 21 6
hole 93 117 21 13
wall 93 130 21 6
window 93 136 21 17
wall 93 153 21 4
balcony 93 157 21 6
hole 93 163 21 13
wall 93 176 21 4
wall 93 180 21 15
wall 93 195 21 4
wall 93 199 21 17
wall 114 0 6 216
wall 120 0 21 3
balcony 120 3 21 6
hole 120 9 21 13
wall 120 22 21 4
window 120 26 21 15
wall 120 41 21 4
balcony 120 45 21 6
hole 120 51 21 13
wall 120 64 21 4
window 120 68 21 15
wall 120 83 21 8
balcony 120 91 21 6
hole 120 97 21 13
wall 120 110 21 4
window 120 114 21 17
wall 120 131 21 3
balcony 120 134 21 6
hole 120 140 21 13
wall 120 153 21 6
window 120 159 21 17
wall 120 176 21 4
wall 120 180 21 15
wall 120 195 21 4
wall 120 199 21 17
wall 141 0 8 216
wall 149 0 21 3
balcony 149 3 21 6
hole 149 9 21 13
wall 149 22 21 4
window 149 26 21 15
wall 149 41 21 4
balcony 149 45 21 6
hole 149 51 21 13
wall 149 64 21 4
window 149 68 21 17
wall 149 85 21 4
balcony 149 89 21 6
hole 149 95 21 13
wall 149 108 21 6
window 149 114 21 17
wall 149 131 21 3
balcony 149 134 21 6
hole 149 140 21 13
wall 149 153 21 6
window 149 159 21 17
wall 149 176 21 4
wall 149 180 21 15
wall 149 195 21 4
wall 149 199 21 17
wall 170 0 6 216
wall 176 0 11 216
