47
-36.6085 0.00490773 0.1 365 314
roof 0 200 365 114
wall 0 0 15 200
pillar 15 0 17 200
wall 32 0 13 200
wall 45 0 21 32
window 45 32 21 57
wall 45 89 21 21
window 45 110 21 64
wall 45 174 21 21
window 45 195 21 5
wall 66 0 11 200
pillar 77 0 13 200
wall 90 0 11 200
wall 101 0 21 32
window 101 32 21 57
wall 101 89 21 21
window 101 110 21 64
wall 101 174 21 25
window 101 199 21 1
wall 122 0 11 200
pillar 133 0 13 200
wall 146 0 28 200
pillar 174 0 38 9
door 174 9 38 52
wall 174 61 38 28
window 174 89 38 99
wall 174 188 38 12
wall 212 0 35 200
pillar 247 0 13 200
wall 260 0 11 200
wall 271 0 21 32
window 271 32 21 57
wall 271 89 21 21
window 271 110 21 64
wall 271 174 21 21
window 271 195 21 5
wall 292 0 11 200
pillar 303 0 13 200
wall 316 0 11 200
wall 327 0 21 32
window 327 32 21 55
wall 327 87 21 21
window 327 108 21 68
wall 327 176 21 23
window 327 199 21 1
wall 348 0 11 200
pillar 359 0 6 200
