1797
	1
		0	19.3586
	0
	0
	2
		4	23.2489
		5	22.9272
	0
	0
	0
	0
	0
	0
	0
	0
	0
	0
	0
	0
	0
	0
	0
	0
	0
	0
	0
	0
	0
	0
	0
	0
	0
	0
	0
	0
	0
	0
	0
	0
	0
	0
	0
	0
	0
	0
	0
	0
	0
	0
	0
	0
	0
	0
	0
	0
	0
	0
	0
	0
	1
		6	22.421
	2
		2	18.6958
		1	18.5416
	0
	0
	0
	0
	0
	0
	0
	0
	0
	0
	0
	0
	0
	0
	0
	0
	0
	0
	0
	0
	0
	0
	1
		6	21.4877
	0
	0
	0
	0
	0
	0
	0
	0
	0
	0
	0
	0
	0
	0
	0
	0
	0
	0
	0
	0
	0
	0
	0
	0
	0
	0
	0
	0
	0
	0
	0
	0
	0
	0
	2
		4	21.2765
		5	21.3162
	0
	0
	0
	0
	0
	0
	0
	0
	0
	0
	0
	0
	0
	0
	1
		3	17.7773
	0
	0
	0
	0
	0
	0
	0
	1
		3	17.7181
	2
		5	20.215
		4	21.115
	0
	0
	0
	0
	0
	0
	0
	0
	0
	0
	0
	0
	0
	0
	0
	0
	0
	0
	0
	0
	0
	0
	0
	0
	0
	0
	0
	0
	1
		6	20.3616
	0
	0
	0
	0
	0
	0
	0
	0
	0
	0
	0
	0
	0
	0
	0
	0
	0
	0
	0
	0
	0
	0
	0
	1
		6	20.1618
	0
	0
	0
	0
	0
	0
	0
	0
	2
		1	16.9855
		2	17.048
	0
	0
	0
	0
	0
	0
	0
	2
		1	17.0277
		2	16.9296
	0
	0
	0
	0
	0
	0
	1
		6	19.7051
	0
	0
	0
	0
	0
	0
	0
	0
	0
	0
	2
		4	19.0375
		5	19.3904
	0
	0
	0
	0
	0
	0
	0
	0
	0
	0
	0
	0
	0
	0
	0
	0
	0
	0
	0
	0
	0
	0
	0
	2
		4	19.6158
		5	19.8311
	0
	0
	0
	0
	0
	0
	0
	0
	0
	0
	0
	0
	0
	0
	0
	0
	0
	0
	0
	0
	0
	0
	1
		3	16.0746
	2
		5	18.265
		4	19.4866
	0
	0
	0
	0
	1
		6	18.1446
	0
	1
		3	16.0902
	0
	0
	0
	0
	0
	0
	0
	1
		3	16.1416
	0
	0
	0
	0
	0
	0
	0
	0
	0
	0
	0
	0
	0
	1
		6	18.7879
	0
	0
	0
	0
	0
	0
	0
	0
	0
	0
	0
	0
	0
	0
	0
	0
	0
	0
	0
	0
	0
	0
	0
	1
		6	19.2942
	0
	0
	0
	0
	0
	0
	0
	0
	0
	0
	2
		4	16.8492
		5	18.8568
	0
	0
	0
	0
	0
	2
		2	15.4722
		1	15.0566
	0
	0
	0
	0
	0
	0
	1
		6	17.0993
	2
		2	15.3199
		1	15.4047
	0
	0
	0
	0
	0
	0
	0
	2
		1	15.3632
		2	14.9233
	0
	2
		4	17.7461
		5	18.9087
	0
	0
	0
	0
	0
	0
	0
	0
	0
	0
	0
	0
	0
	0
	0
	0
	0
	0
	0
	0
	0
	0
	0
	2
		4	17.9955
		5	17.367
	0
	0
	0
	0
	1
		6	15.8248
	0
	0
	0
	0
	0
	0
	0
	0
	0
	0
	0
	0
	0
	0
	0
	0
	0
	0
	2
		4	18.59
		5	15.9963
	0
	0
	0
	0
	1
		6	17.1557
	0
	1
		3	14.3714
	0
	0
	0
	0
	0
	0
	0
	1
		3	14.5397
	0
	0
	0
	0
	0
	0
	0
	1
		3	14.4552
	0
	0
	0
	0
	0
	1
		6	17.2247
	0
	1
		3	14.0443
	0
	0
	0
	0
	0
	0
	0
	0
	2
		4	13.6659
		5	15.8102
	0
	0
	0
	0
	0
	0
	0
	0
	0
	0
	0
	0
	1
		6	18.3995
	0
	0
	0
	0
	0
	0
	0
	0
	0
	0
	2
		5	16.7838
		4	16.0037
	0
	0
	0
	0
	0
	0
	0
	0
	0
	0
	0
	0
	1
		6	15.1184
	2
		2	13.7955
		1	13.3439
	0
	0
	0
	0
	0
	0
	0
	2
		2	13.5804
		1	13.8144
	0
	2
		5	17.6367
		4	16.4069
	0
	0
	0
	0
	1
		6	13.2296
	2
		1	13.7792
		2	13.3705
	0
	0
	0
	0
	0
	0
	0
	2
		2	11.7926
		1	13.3844
	0
	0
	0
	0
	0
	0
	0
	0
	0
	2
		5	15.8562
		4	17.859
	0
	0
	0
	0
	1
		6	15.0622
	0
	0
	0
	0
	0
	0
	0
	0
	0
	0
	0
	0
	0
	0
	0
	0
	0
	0
	2
		5	14.289
		4	15.0481
	0
	0
	0
	0
	1
		6	15.1996
	0
	0
	0
	0
	0
	0
	0
	0
	0
	1
		3	12.4488
	2
		4	12.9765
		5	12.0825
	0
	0
	0
	0
	0
	0
	1
		3	12.9349
	0
	0
	0
	0
	0
	1
		6	16.2901
	0
	1
		3	12.8675
	0
	0
	0
	0
	0
	0
	0
	1
		3	12.5516
	2
		4	13.1958
		5	14.8352
	0
	0
	0
	0
	0
	0
	1
		3	11.0478
	0
	0
	0
	0
	0
	1
		6	16.0455
	0
	0
	0
	0
	0
	0
	0
	0
	0
	0
	2
		4	14.5125
		5	14.6219
	0
	0
	0
	0
	1
		6	12.8499
	0
	0
	0
	0
	0
	0
	0
	1
		6	13.1773
	0
	0
	0
	0
	0
	0
	0
	0
	2
		2	11.9026
		1	11.5704
	0
	2
		5	14.9402
		4	15.1142
	0
	0
	0
	0
	1
		6	12.1419
	2
		2	12.076
		1	12.1709
	0
	0
	0
	0
	0
	0
	0
	2
		1	12.1584
		2	11.7365
	0
	0
	0
	0
	0
	0
	0
	2
		2	10.4862
		1	11.9027
	0
	2
		5	14.0794
		4	14.6876
	0
	0
	0
	0
	1
		6	14.5839
	2
		1	10.4198
		2	9.77589
	0
	0
	0
	0
	0
	0
	0
	0
	0
	2
		5	11.4627
		4	12.9379
	0
	0
	0
	0
	0
	0
	0
	2
		4	13.0107
		5	10.5929
	0
	0
	0
	0
	1
		6	14.7854
	0
	0
	0
	0
	0
	0
	0
	0
	0
	0
	2
		5	12.3586
		4	11.512
	0
	0
	0
	0
	0
	0
	1
		3	10.753
	0
	0
	0
	0
	0
	1
		6	14.9548
	0
	1
		3	11.1756
	0
	0
	0
	0
	0
	0
	0
	1
		3	11.3384
	2
		4	11.4568
		5	12.7759
	0
	0
	0
	0
	1
		6	12.4208
	0
	1
		3	10.9713
	0
	0
	0
	0
	0
	1
		6	13.0183
	0
	1
		3	9.60765
	0
	0
	0
	0
	0
	0
	0
	1
		3	9.0518
	2
		4	13.1798
		5	13.5854
	0
	0
	0
	0
	1
		6	11.0383
	0
	0
	0
	0
	0
	0
	0
	1
		6	10.0289
	0
	0
	0
	0
	0
	0
	0
	0
	0
	0
	2
		4	13.9206
		5	12.6086
	0
	0
	0
	0
	1
		6	11.5671
	2
		1	9.9316
		2	10.2565
	0
	0
	0
	0
	0
	0
	0
	2
		2	10.5327
		1	10.3148
	0
	2
		4	11.9826
		5	11.4369
	0
	0
	0
	0
	0
	2
		1	10.55
		2	10.221
	0
	2
		5	10.6407
		4	14.0385
	0
	0
	0
	0
	1
		6	12.5167
	2
		1	10.187
		2	8.76872
	0
	0
	0
	0
	0
	0
	0
	2
		1	8.7487
		2	8.43769
	0
	2
		5	9.33697
		4	10.8778
	0
	0
	0
	0
	0
	2
		2	7.88892
		1	8.20671
	0
	2
		4	10.558
		5	9.35511
	0
	0
	0
	0
	1
		6	12.4644
	0
	0
	0
	0
	0
	0
	0
	0
	0
	0
	2
		5	11.4517
		4	9.27904
	0
	0
	0
	0
	1
		6	11.5952
	0
	0
	0
	0
	0
	0
	0
	1
		6	11.9748
	0
	1
		3	9.3289
	0
	0
	0
	0
	0
	0
	0
	1
		3	9.57065
	2
		4	11.2514
		5	12.4611
	0
	0
	0
	0
	1
		6	9.82247
	0
	1
		3	9.60594
	0
	0
	0
	0
	0
	1
		6	11.0244
	0
	1
		3	9.33284
	0
	0
	0
	0
	0
	0
	0
	1
		3	7.99889
	2
		4	11.6219
		5	12.9073
	0
	0
	0
	0
	1
		6	8.72071
	0
	1
		3	7.54338
	0
	0
	0
	0
	0
	1
		6	8.9428
	0
	1
		3	6.87581
	2
		5	10.4862
		4	10.8673
	0
	0
	0
	0
	0
	0
	0
	2
		4	11.7203
		5	10.513
	0
	0
	0
	0
	1
		6	10.6255
	0
	0
	0
	0
	0
	0
	0
	0
	2
		2	8.20349
		1	8.37246
	0
	2
		4	10.1188
		5	8.48373
	0
	0
	0
	0
	0
	2
		1	8.71448
		2	8.60525
	0
	2
		5	8.27328
		4	10.3748
	0
	0
	0
	0
	1
		6	12.0292
	2
		2	8.58885
		1	8.81257
	0
	0
	0
	0
	0
	0
	0
	2
		1	8.52858
		2	7.3374
	0
	2
		5	8.78596
		4	8.15584
	0
	0
	0
	0
	1
		6	10.2319
	2
		1	7.28211
		2	6.99575
	0
	2
		5	8.20153
		4	8.63803
	0
	0
	0
	0
	1
		6	12.0458
	2
		1	6.98869
		2	6.51561
	0
	0
	0
	0
	0
	0
	0
	2
		1	6.41607
		2	6.08899
	0
	2
		4	8.67539
		5	9.65886
	0
	0
	0
	0
	1
		6	9.23453
	0
	0
	0
	0
	0
	0
	0
	1
		6	9.97652
	0
	0
	0
	0
	0
	0
	0
	0
	0
	1
		3	7.65073
	2
		5	10.0153
		4	11.3311
	0
	0
	0
	0
	1
		6	8.38961
	0
	1
		3	8.00099
	0
	0
	0
	0
	0
	1
		6	7.8114
	0
	1
		3	7.90525
	2
		4	9.37518
		5	9.3537
	0
	0
	0
	0
	0
	0
	1
		3	7.66568
	2
		5	10.0137
		4	11.7493
	0
	0
	0
	0
	1
		6	8.23088
	0
	1
		3	6.44605
	0
	0
	0
	0
	0
	1
		6	7.41918
	0
	1
		3	6.25447
	2
		4	9.72441
		5	8.64128
	0
	0
	0
	0
	0
	0
	1
		3	5.76786
	2
		4	9.89488
		5	8.6084
	0
	0
	0
	0
	1
		6	10.3241
	0
	1
		3	5.55648
	0
	0
	0
	0
	0
	0
	0
	0
	2
		5	6.01035
		4	8.36396
	0
	0
	0
	0
	1
		6	9.02158
	2
		2	6.95443
		1	6.69318
	0
	2
		5	6.07127
		4	7.83789
	0
	0
	0
	0
	1
		6	10.3832
	2
		1	7.22593
		2	6.96514
	0
	0
	0
	0
	0
	0
	0
	2
		2	6.91887
		1	7.18439
	0
	2
		5	8.31366
		4	5.94819
	0
	0
	0
	0
	1
		6	8.44795
	2
		1	6.9119
		2	5.70859
	0
	2
		4	5.84978
		5	7.37209
	0
	0
	0
	0
	1
		6	9.43634
	2
		2	5.53262
		1	5.72049
	0
	0
	0
	0
	0
	0
	0
	2
		1	5.5226
		2	5.22447
	0
	2
		5	9.03412
		4	8.03431
	0
	0
	0
	0
	1
		6	7.88621
	2
		1	5.23421
		2	4.965
	0
	0
	0
	0
	0
	0
	1
		6	7.74821
	2
		2	1.31058
		1	4.92434
	0
	2
		4	7.80629
		5	7.86156
	0
	0
	0
	0
	0
	0
	0
	2
		5	9.13093
		4	9.53573
	0
	0
	0
	0
	1
		6	5.75325
	0
	1
		3	5.71991
	0
	0
	0
	0
	0
	1
		6	5.88818
	0
	1
		3	6.22977
	2
		5	7.49779
		4	8.28861
	0
	0
	0
	0
	0
	0
	1
		3	6.21829
	2
		5	7.88801
		4	8.95407
	0
	0
	0
	0
	1
		6	7.04377
	0
	1
		3	6.02215
	0
	0
	0
	0
	0
	1
		6	6.63659
	0
	1
		3	4.89433
	2
		5	5.83492
		4	7.46694
	0
	0
	0
	0
	1
		6	7.33383
	0
	1
		3	4.68815
	2
		5	5.23488
		4	7.11339
	0
	0
	0
	0
	1
		6	8.8776
	0
	1
		3	4.49503
	0
	0
	0
	0
	0
	0
	0
	1
		3	4.21783
	2
		5	5.1082
		4	5.16131
	0
	0
	0
	0
	1
		6	7.00009
	0
	1
		3	3.93177
	2
		5	5.32288
		4	4.91755
	0
	0
	0
	0
	1
		6	8.01783
	2
		1	5.08184
		2	5.09593
	0
	0
	0
	0
	0
	0
	0
	2
		1	5.37616
		2	5.37738
	0
	2
		5	7.04754
		4	5.18925
	0
	0
	0
	0
	1
		6	7.13184
	2
		2	5.28771
		1	5.43531
	0
	2
		5	6.02038
		4	5.38266
	0
	0
	0
	0
	1
		6	7.22023
	2
		1	5.30698
		2	4.13686
	0
	2
		4	6.2102
		5	6.62111
	0
	0
	0
	0
	0
	2
		2	4.00454
		1	4.14712
	0
	2
		5	7.95999
		4	6.85928
	0
	0
	0
	0
	1
		6	5.3841
	2
		1	3.94427
		2	3.7358
	0
	0
	0
	0
	0
	0
	1
		6	4.9075
	2
		1	3.71664
		2	3.6472
	0
	2
		5	6.84597
		4	6.24748
	0
	0
	0
	0
	0
	2
		2	3.51743
		1	3.52918
	0
	2
		5	6.87263
		4	8.25436
	0
	0
	0
	0
	1
		6	4.35383
	1
		1	3.47657
	0
	0
	0
	0
	0
	0
	1
		6	4.91235
	0
	1
		3	4.24999
	2
		4	6.67519
		5	5.33821
	0
	0
	0
	0
	1
		6	5.15707
	0
	1
		3	4.42355
	2
		5	4.88061
		4	6.83234
	0
	0
	0
	0
	1
		6	6.44596
	0
	1
		3	4.42702
	0
	0
	0
	0
	0
	1
		6	5.42016
	0
	1
		3	4.4077
	2
		4	5.40233
		5	3.55136
	0
	0
	0
	0
	1
		6	5.70229
	0
	1
		3	3.22416
	2
		4	4.90676
		5	3.77319
	0
	0
	0
	0
	1
		6	7.10162
	0
	1
		3	3.18073
	0
	0
	0
	0
	0
	0
	0
	1
		3	3.08882
	2
		4	3.66398
		5	5.0246
	0
	0
	0
	0
	1
		6	5.87146
	0
	1
		3	2.91407
	2
		5	4.69754
		4	3.56667
	0
	0
	0
	0
	1
		6	6.40769
	0
	1
		3	2.73665
	2
		4	4.2089
		5	5.38227
	0
	0
	0
	0
	0
	2
		2	3.55548
		1	1.53242
	0
	2
		4	4.62268
		5	5.9439
	0
	0
	0
	0
	1
		6	4.75007
	2
		1	3.66829
		2	3.51669
	0
	2
		5	5.07664
		4	4.52754
	0
	0
	0
	0
	1
		6	4.34406
	2
		2	3.57184
		1	3.65791
	0
	2
		4	4.99992
		5	5.15009
	0
	0
	0
	0
	0
	2
		2	2.5379
		1	3.59837
	0
	2
		4	6.34245
		5	5.1797
	0
	0
	0
	0
	1
		6	3.33724
	2
		2	2.47644
		1	2.4703
	0
	0
	0
	0
	0
	0
	1
		6	3.47407
	2
		2	2.37484
		1	2.47063
	0
	2
		4	5.41375
		5	4.53087
	0
	0
	0
	0
	1
		6	3.68019
	2
		2	2.2939
		1	2.38726
	0
	2
		5	4.08581
		4	5.8976
	0
	0
	0
	0
	1
		6	3.89543
	2
		2	2.24645
		1	2.29108
	0
	0
	0
	0
	0
	0
	1
		6	3.96604
	2
		1	2.11007
		2	2.0818
	0
	2
		5	3.53708
		4	4.19784
	0
	0
	0
	0
	1
		6	4.35271
	0
	1
		3	2.68259
	2
		5	3.13322
		4	3.99511
	0
	0
	0
	0
	1
		6	5.59741
	0
	1
		3	2.72607
	0
	0
	0
	0
	0
	1
		6	3.74733
	0
	1
		3	2.74254
	2
		5	2.84231
		4	3.12674
	0
	0
	0
	0
	1
		6	4.5807
	0
	1
		3	2.72791
	2
		4	3.0453
		5	2.87311
	0
	0
	0
	0
	1
		6	5.00672
	0
	1
		3	1.695
	2
		5	3.14406
		4	0.491453
	0
	0
	0
	0
	0
	0
	1
		3	1.68246
	2
		4	2.98229
		5	3.74452
	0
	0
	0
	0
	1
		6	3.87329
	0
	1
		3	1.63572
	2
		4	3.30003
		5	3.33789
	0
	0
	0
	0
	1
		6	3.72753
	0
	1
		3	1.59806
	2
		4	3.25572
		5	3.76172
	0
	0
	0
	0
	0
	0
	1
		3	1.55377
	2
		5	4.73464
		4	3.81087
	0
	0
	0
	0
	1
		6	3.20541
	2
		2	1.87004
		1	0.893714
	1
		3	1.48416
	1
		4	3.66272
	0
	0
	0
	0
	1
		6	3.16528
	2
		2	1.91414
		1	1.91153
	0
	2
		4	3.94424
		5	3.59563
	0
	0
	0
	0
	1
		6	0.148148
	2
		2	1.94187
		1	1.94011
	0
	2
		5	3.43837
		4	4.39459
	0
	0
	0
	0
	1
		6	2.41881
	2
		1	1.94209
		2	0.971047
	0
	0
	0
	0
	0
	0
	1
		6	2.24734
	2
		2	0.970304
		1	0.970304
	0
	2
		4	3.67599
		5	3.15268
	0
	0
	0
	0
	1
		6	2.60586
	2
		1	0.969516
		2	0.969516
	0
	2
		4	3.5053
		5	2.99868
	0
	0
	0
	0
	1
		6	3.26693
	2
		1	0.968183
		2	0.968183
	0
	0
	0
	0
	0
	0
	1
		6	2.44466
	2
		1	0.96752
		2	0.96752
	0
	2
		5	1.91189
		4	3.14245
	0
	0
	0
	0
	1
		6	2.67333
	2
		2	0.967038
		1	0.967038
	0
	2
		5	2.33665
		4	2.71852
	0
	0
	0
	0
	1
		6	3.74615
	2
		2	0.96882
		1	0.96882
	1
		3	0.96882
	1
		4	0.576923
	0
	0
	0
	0
	0
	0
	1
		3	0.96882
	2
		5	2.21384
		4	1.87733
	0
	0
	0
	0
	1
		6	2.71421
	0
	1
		3	0.96882
	2
		4	2.08335
		5	2.20372
	0
	0
	0
	0
	1
		6	2.60722
	0
	1
		3	0.971047
	2
		4	2.16331
		5	2.39827
	0
	0
	0
	0
	0
	0
	0
	2
		4	2.34729
		5	2.88243
	0
	0
	0
	0
	1
		6	2.15356
	0
	0
	2
		4	2.23372
		5	1.87365
	0
	0
	0
	0
	1
		6	2.43447
	0
	0
	2
		5	1.70911
		4	2.86238
	0
	0
	0
	0
	1
		6	0.285185
	0
	0
	2
		4	3.25541
		5	1.80416
	0
	0
	0
	0
	1
		6	1.30629
	0
	0
	0
	0
	0
	0
	0
	1
		6	1.80429
	0
	0
	2
		5	1.93216
		4	1.89643
	0
	0
	0
	0
	1
		6	1.60221
	0
	0
	2
		4	2.00693
		5	1.87018
	0
	0
	0
	0
	1
		6	1.77018
	0
	0
	0
	0
	0
	0
	0
	1
		6	1.89929
	0
	0
	2
		4	1.66838
		5	1.29449
	0
	0
	0
	0
	1
		6	1.95171
	0
	0
	2
		4	2.09373
		5	1.10088
	0
	0
	0
	0
	1
		6	2.48989
	0
	0
	1
		4	0.504274
	0
	0
	0
	0
	1
		6	1.15861
	0
	0
	2
		5	1.12061
		4	1.05128
	0
	0
	0
	0
	1
		6	1.49038
	0
	0
	2
		4	1.33689
		5	1.28168
	0
	0
	0
	0
	1
		6	1.3679
	0
	0
	2
		4	1.25214
		5	1.51692
	0
	0
	0
	0
	0
	0
	0
	2
		5	1.45906
		4	1.35737
	0
	0
	0
	0
	1
		6	1.41852
	0
	0
	2
		4	1.48291
		5	0.625731
	0
	0
	0
	0
	1
		6	1.35556
	0
	0
	2
		5	0.751634
		4	1.35791
	0
	0
	0
	0
	1
		6	0.285185
	0
	0
	2
		5	0.8
		4	1.72222
	0
	0
	0
	0
	1
		6	0.84127
	0
	0
	2
		5	0.835165
		4	0.820513
	0
	0
	0
	0
	1
		6	0.833333
	0
	0
	2
		4	0.818182
		5	0.727273
	0
	0
	0
	0
	1
		6	0.738889
	0
	0
	2
		5	0.62963
		4	0.839506
	0
	0
	0
	0
	1
		6	0.708333
	0
	0
	0
	0
	0
	0
	0
	1
		6	0.712963
	0
	0
	2
		5	0.911111
		4	0.933333
	0
	0
	0
	0
	1
		6	0.819444
	0
	0
	2
		5	0.925926
		4	0.925926
	0
	0
	0
	0
	1
		6	0.944444
	0
	0
	1
		5	0.888889
	0
