342
0 0 0.1 449 400
wall 0 0 13 14
window 13 0 15 14
wall 28 0 19 14
window 47 0 15 14
wall 62 0 19 14
window 81 0 15 14
wall 96 0 13 14
window 109 0 15 14
wall 124 0 19 14
window 143 0 15 14
wall 158 0 13 14
window 171 0 15 14
wall 186 0 19 14
window 205 0 15 14
wall 220 0 19 14
window 239 0 15 14
wall 254 0 13 14
window 267 0 15 14
wall 282 0 13 14
window 295 0 15 14
wall 310 0 19 14
window 329 0 15 14
wall 344 0 13 14
window 357 0 15 14
wall 372 0 19 14
window 391 0 15 14
wall 406 0 13 14
window 419 0 15 14
wall 434 0 13 14
wall 447 0 2 14
wall 0 14 449 20
wall 0 34 13 18
window 13 34 15 18
wall 28 34 19 18
window 47 34 15 18
wall 62 34 19 18
window 81 34 15 18
wall 96 34 13 18
window 109 34 15 18
wall 124 34 19 18
window 143 34 15 18
wall 158 34 13 18
window 171 34 15 18
wall 186 34 19 18
window 205 34 15 18
wall 220 34 19 18
window 239 34 15 18
wall 254 34 13 18
window 267 34 15 18
wall 282 34 13 18
window 295 34 15 18
wall 310 34 19 18
window 329 34 15 18
wall 344 34 13 18
window 357 34 15 18
wall 372 34 19 18
window 391 34 15 18
wall 406 34 13 18
window 419 34 15 18
wall 434 34 13 18
wall 447 34 2 18
wall 0 52 449 18
wall 0 70 13 18
window 13 70 15 18
wall 28 70 19 18
window 47 70 15 18
wall 62 70 19 18
window 81 70 15 18
wall 96 70 13 18
window 109 70 15 18
wall 124 70 19 18
window 143 70 15 18
wall 158 70 13 18
window 171 70 15 18
wall 186 70 19 18
window 205 70 15 18
wall 220 70 19 18
window 239 70 15 18
wall 254 70 13 18
window 267 70 15 18
wall 282 70 13 18
window 295 70 15 18
wall 310 70 19 18
window 329 70 15 18
wall 344 70 13 18
window 357 70 15 18
wall 372 70 19 18
window 391 70 15 18
wall 406 70 13 18
window 419 70 15 18
wall 434 70 13 18
wall 447 70 2 18
wall 0 88 449 18
wall 0 106 13 18
window 13 106 15 18
wall 28 106 19 18
window 47 106 15 18
wall 62 106 19 18
window 81 106 15 18
wall 96 106 13 18
window 109 106 15 18
wall 124 106 19 18
window 143 106 15 18
wall 158 106 13 18
window 171 106 15 18
wall 186 106 19 18
window 205 106 15 18
wall 220 106 19 18
window 239 106 15 18
wall 254 106 13 18
window 267 106 15 18
wall 282 106 13 18
window 295 106 15 18
wall 310 106 19 18
window 329 106 15 18
wall 344 106 13 18
window 357 106 15 18
wall 372 106 19 18
window 391 106 15 18
wall 406 106 13 18
window 419 106 15 18
wall 434 106 13 18
wall 447 106 2 18
wall 0 124 449 18
wall 0 142 13 18
window 13 142 15 18
wall 28 142 19 18
window 47 142 15 18
wall 62 142 19 18
window 81 142 15 18
wall 96 142 13 18
window 109 142 15 18
wall 124 142 19 18
window 143 142 15 18
wall 158 142 13 18
window 171 142 15 18
wall 186 142 19 18
window 205 142 15 18
wall 220 142 19 18
window 239 142 15 18
wall 254 142 13 18
window 267 142 15 18
wall 282 142 13 18
window 295 142 15 18
wall 310 142 19 18
window 329 142 15 18
wall 344 142 13 18
window 357 142 15 18
wall 372 142 19 18
window 391 142 15 18
wall 406 142 13 18
window 419 142 15 18
wall 434 142 13 18
wall 447 142 2 18
wall 0 160 449 18
wall 0 178 13 18
window 13 178 15 18
wall 28 178 19 18
window 47 178 15 18
wall 62 178 19 18
window 81 178 15 18
wall 96 178 13 18
window 109 178 15 18
wall 124 178 19 18
window 143 178 15 18
wall 158 178 13 18
window 171 178 15 18
wall 186 178 19 18
window 205 178 15 18
wall 220 178 19 18
window 239 178 15 18
wall 254 178 13 18
window 267 178 15 18
wall 282 178 13 18
window 295 178 15 18
wall 310 178 19 18
window 329 178 15 18
wall 344 178 13 18
window 357 178 15 18
wall 372 178 19 18
window 391 178 15 18
wall 406 178 13 18
window 419 178 15 18
wall 434 178 13 18
wall 447 178 2 18
wall 0 196 449 20
wall 0 216 13 18
window 13 216 15 18
wall 28 216 19 18
window 47 216 15 18
wall 62 216 19 18
window 81 216 15 18
wall 96 216 13 18
window 109 216 15 18
wall 124 216 19 18
window 143 216 15 18
wall 158 216 13 18
window 171 216 15 18
wall 186 216 19 18
window 205 216 15 18
wall 220 216 19 18
window 239 216 15 18
wall 254 216 13 18
window 267 216 15 18
wall 282 216 13 18
window 295 216 15 18
wall 310 216 19 18
window 329 216 15 18
wall 344 216 13 18
window 357 216 15 18
wall 372 216 19 18
window 391 216 15 18
wall 406 216 13 18
window 419 216 15 18
wall 434 216 13 18
wall 447 216 2 18
wall 0 234 449 18
wall 0 252 13 18
window 13 252 15 18
wall 28 252 19 18
window 47 252 15 18
wall 62 252 19 18
window 81 252 15 18
wall 96 252 13 18
window 109 252 15 18
wall 124 252 19 18
window 143 252 15 18
wall 158 252 13 18
window 171 252 15 18
wall 186 252 19 18
window 205 252 15 18
wall 220 252 19 18
window 239 252 15 18
wall 254 252 13 18
window 267 252 15 18
wall 282 252 13 18
window 295 252 15 18
wall 310 252 19 18
window 329 252 15 18
wall 344 252 13 18
window 357 252 15 18
wall 372 252 19 18
window 391 252 15 18
wall 406 252 13 18
window 419 252 15 18
wall 434 252 13 18
wall 447 252 2 18
wall 0 270 449 18
wall 0 288 13 18
window 13 288 15 18
wall 28 288 19 18
window 47 288 15 18
wall 62 288 19 18
window 81 288 15 18
wall 96 288 13 18
window 109 288 15 18
wall 124 288 19 18
window 143 288 15 18
wall 158 288 13 18
window 171 288 15 18
wall 186 288 19 18
window 205 288 15 18
wall 220 288 19 18
window 239 288 15 18
wall 254 288 13 18
window 267 288 15 18
wall 282 288 13 18
window 295 288 15 18
wall 310 288 19 18
window 329 288 15 18
wall 344 288 13 18
window 357 288 15 18
wall 372 288 19 18
window 391 288 15 18
wall 406 288 13 18
window 419 288 15 18
wall 434 288 13 18
wall 447 288 2 18
wall 0 306 449 18
wall 0 324 13 18
window 13 324 15 18
wall 28 324 19 18
window 47 324 15 18
wall 62 324 19 18
window 81 324 15 18
wall 96 324 13 18
window 109 324 15 18
wall 124 324 19 18
window 143 324 15 18
wall 158 324 13 18
window 171 324 15 18
wall 186 324 19 18
window 205 324 15 18
wall 220 324 19 18
window 239 324 15 18
wall 254 324 13 18
window 267 324 15 18
wall 282 324 13 18
window 295 324 15 18
wall 310 324 19 18
window 329 324 15 18
wall 344 324 13 18
window 357 324 15 18
wall 372 324 19 18
window 391 324 15 18
wall 406 324 13 18
window 419 324 15 18
wall 434 324 13 18
wall 447 324 2 18
wall 0 342 449 18
wall 0 360 13 18
window 13 360 15 18
wall 28 360 19 18
window 47 360 15 18
wall 62 360 19 18
window 81 360 15 18
wall 96 360 13 18
window 109 360 15 18
wall 124 360 19 18
window 143 360 15 18
wall 158 360 13 18
window 171 360 15 18
wall 186 360 19 18
window 205 360 15 18
wall 220 360 19 18
window 239 360 15 18
wall 254 360 13 18
window 267 360 15 18
wall 282 360 13 18
window 295 360 15 18
wall 310 360 19 18
window 329 360 15 18
wall 344 360 13 18
window 357 360 15 18
wall 372 360 19 18
window 391 360 15 18
wall 406 360 13 18
window 419 360 15 18
wall 434 360 13 18
wall 447 360 2 18
wall 0 378 449 20
wall 0 398 449 2
