0 0 0 0 0 0 0 0 0 0 0 0 0 0 0 0 0 0 0 0 0 0 0 0 0 0 0 0 0 0 4 15 26 28 26 28 30 29 27 30 30 26 30 35 34 37 13 0 0 0 0 0 0 0 0 0 0 0 0 0 0 0 0 0 0 0 0 0 0 0 0 0 0 0 0 0 0 0 0 0 0 0 0 0 0 0 0 0 0 0 0 0 0 0 0 0 0 0 0 0 0 0 0 0 0 0 0 0 0 0 0 0 0 0 0 0 0 0 0 0 0 0 0 0 0 0 0 0 0 0 0 0 0 0 0 0 0 0 0 0 0 0 0 0 0 0 0 0 0 0 0 0 0 0 0 0 0 0 0 0 0 0 0 0 0 0 0 0 0 0 0 0 0 0 0 0 0 0 0 0 0 0 0 0 0 0 0 0 0 0 0 0 0 
0 0 0 0 0 0 0 0 0 0 0 0 0 0 0 0 0 0 0 0 0 0 0 0 0 0 0 0 0 0 0 0 11 13 11 11 12 13 11 15 10 11 10 12 11 22 19 0 0 0 0 0 0 0 0 0 0 0 0 0 0 0 0 0 0 0 0 0 0 0 0 0 0 0 0 0 0 0 0 0 0 0 0 0 0 0 0 0 0 0 0 0 0 0 0 0 0 0 0 0 0 0 0 0 0 0 0 0 0 0 0 0 0 0 0 0 0 0 0 0 0 0 0 0 0 0 0 0 0 0 0 0 0 0 0 0 0 0 0 0 0 0 0 0 0 0 0 0 0 0 0 0 0 0 0 0 0 0 0 0 0 0 0 0 0 0 0 0 0 0 0 0 0 0 0 0 0 0 0 0 0 0 0 0 0 0 0 0 0 0 0 0 0 
0 0 0 0 0 0 0 0 0 0 0 0 0 0 0 0 0 0 0 0 0 0 0 0 0 0 0 0 0 0 0 0 10 14 10 10 12 12 10 13 11 10 11 14 10 21 22 0 0 0 3 0 0 0 0 0 0 0 0 0 0 0 0 0 0 0 0 0 0 0 0 0 0 0 0 0 0 0 0 0 0 0 0 0 0 0 0 0 0 0 0 0 0 0 0 0 0 0 0 0 0 0 0 0 0 0 0 0 0 0 0 0 0 0 0 0 0 0 0 0 0 0 0 0 0 0 0 0 0 0 0 0 0 0 0 0 0 0 0 0 0 0 0 0 0 0 0 0 0 0 0 0 0 0 0 0 0 0 0 0 0 0 0 0 0 0 0 0 0 0 0 0 0 0 0 0 0 0 0 0 0 0 0 0 0 0 0 0 0 0 0 0 0 
0 0 0 0 0 0 0 0 0 0 0 0 0 0 0 0 0 1 0 0 0 0 0 0 0 0 0 0 0 0 0 0 11 13 10 11 13 10 11 13 10 9 13 10 9 22 19 0 0 0 3 0 0 0 0 0 0 0 0 0 0 0 0 0 0 0 0 0 0 0 0 0 0 0 0 0 0 0 0 0 0 0 0 0 0 0 0 0 0 0 0 0 0 0 0 0 0 0 0 0 0 0 0 0 0 0 0 0 0 0 0 0 0 0 0 0 0 0 0 1 0 0 0 0 0 0 0 0 0 0 0 0 0 0 0 0 0 0 0 0 0 0 0 0 0 0 0 0 0 0 0 0 0 0 0 0 0 0 0 0 0 0 0 0 0 0 0 0 0 0 0 0 0 0 0 0 0 0 0 0 0 0 0 0 0 0 0 0 0 0 0 0 0 
0 0 0 0 0 0 0 0 0 0 0 0 0 0 0 0 0 1 2 1 2 2 0 0 0 1 0 0 0 0 1 0 15 10 11 9 16 10 11 13 10 12 12 11 11 20 23 0 0 0 3 0 0 0 0 0 0 0 0 0 0 0 0 0 0 0 0 0 0 0 0 0 0 0 0 0 0 0 0 0 0 0 0 0 0 0 0 0 0 0 0 0 0 0 0 0 0 0 0 0 0 0 0 0 0 0 0 0 0 0 0 0 0 0 0 0 0 1 0 0 0 0 0 0 0 0 0 1 0 0 0 2 1 1 1 0 0 0 0 0 0 0 0 0 0 0 0 0 0 0 0 0 0 0 0 0 0 0 0 0 0 0 0 0 0 0 0 0 0 0 0 0 0 0 0 0 0 0 0 0 0 0 0 0 0 0 0 0 0 0 0 0 0 
0 0 0 0 0 0 0 0 0 0 0 0 0 0 0 0 0 1 0 0 1 3 1 1 1 0 0 0 1 0 3 1 13 12 12 14 13 14 14 12 12 16 13 11 11 30 18 1 1 1 6 1 1 1 0 1 1 2 1 1 0 1 0 0 0 0 0 0 0 0 0 0 0 0 0 0 0 0 0 0 0 0 0 0 0 0 0 0 0 0 0 0 0 0 0 0 0 0 0 0 0 0 0 0 0 0 0 0 0 0 0 0 0 0 0 0 0 0 0 0 0 0 0 0 0 0 0 2 0 0 2 0 1 0 0 0 1 0 0 0 0 0 0 0 0 0 0 0 0 0 0 0 0 1 1 2 0 1 0 1 0 0 0 0 0 0 0 0 0 0 0 0 0 0 0 0 0 0 0 0 0 0 0 0 0 0 0 0 0 0 0 0 0 
0 0 0 0 0 0 0 0 0 0 0 0 0 0 0 0 0 1 2 2 1 3 2 2 1 2 2 0 2 2 3 2 16 11 11 14 13 12 16 10 12 14 14 11 11 31 18 2 1 2 4 2 2 3 2 1 1 3 1 3 2 1 2 4 2 1 3 1 1 1 2 0 2 0 1 2 0 0 0 0 0 0 0 0 0 0 0 0 0 0 0 0 0 0 0 0 0 0 0 0 0 0 0 0 0 0 0 0 0 0 0 0 0 0 0 0 0 0 0 1 1 0 0 0 1 0 2 1 2 3 2 2 2 1 1 1 0 0 0 0 0 0 0 0 0 0 0 1 0 0 2 0 2 3 1 2 1 2 2 0 2 1 4 2 0 0 1 3 1 2 1 1 2 1 0 0 0 0 0 0 0 0 0 0 0 0 0 0 0 0 0 0 0 
0 0 0 0 0 0 0 0 0 0 0 0 0 0 0 0 0 2 1 1 2 3 1 1 1 1 1 1 1 1 3 4 11 12 13 15 11 16 14 13 10 16 12 13 12 31 20 1 2 1 2 1 1 3 1 2 2 3 2 3 1 2 1 2 1 2 3 2 2 3 2 2 2 2 1 2 2 2 3 2 1 3 1 2 1 1 1 1 1 0 2 0 2 1 0 0 0 0 0 0 0 0 0 0 0 0 0 0 0 0 0 0 0 0 0 0 0 1 0 0 0 0 1 0 0 1 2 1 1 2 1 2 1 3 2 1 1 1 0 0 0 0 0 0 0 0 0 0 0 2 1 2 1 2 2 4 2 4 1 2 0 2 2 1 2 1 1 2 1 3 3 1 3 1 1 1 0 1 0 0 0 0 0 0 0 0 0 0 0 0 0 0 0 
0 0 0 0 0 0 0 0 0 0 0 0 0 0 0 0 0 0 2 2 1 3 2 2 2 2 1 2 1 2 3 5 12 12 13 13 12 16 10 11 16 11 15 10 15 28 18 2 1 2 6 2 2 3 2 1 1 3 1 3 2 1 2 4 2 1 3 1 1 1 3 1 4 2 2 4 1 1 3 1 1 1 1 1 1 0 2 0 0 1 1 2 2 0 2 3 2 1 1 1 1 1 0 0 0 1 0 0 0 0 0 0 0 0 0 0 0 0 0 0 4 0 2 1 0 1 1 0 2 4 2 4 2 3 1 2 1 0 1 0 0 0 0 0 0 0 0 0 0 2 1 3 1 3 1 3 1 3 2 4 2 3 2 1 3 0 3 3 2 3 4 2 3 3 1 0 0 3 0 0 0 0 0 0 0 0 0 0 0 2 0 0 0 
0 0 0 0 0 0 0 0 0 0 0 0 0 0 0 0 0 0 1 1 2 1 2 1 1 1 1 1 2 1 3 5 12 11 14 12 11 17 13 11 15 11 11 12 13 27 20 1 2 1 4 1 1 3 1 2 2 3 2 3 1 2 1 3 1 2 3 2 2 4 1 2 2 1 1 2 2 2 4 2 0 1 3 3 0 0 0 0 0 0 1 1 3 2 1 3 0 0 2 1 3 0 2 1 0 0 1 3 0 0 0 0 0 0 0 0 0 0 0 0 0 1 0 2 0 0 0 0 1 3 1 3 2 3 1 2 2 3 0 0 0 0 0 0 0 0 4 1 0 2 1 3 2 4 2 3 2 3 1 3 1 3 4 2 2 2 3 3 2 2 3 1 1 2 0 0 0 0 1 0 0 0 0 0 0 0 0 0 0 1 0 0 0 
0 0 0 0 0 0 0 0 0 0 0 0 0 0 0 0 0 2 2 1 2 2 3 2 2 2 2 3 2 2 2 2 13 16 18 14 18 15 14 17 16 16 15 15 14 27 20 2 7 3 9 2 3 3 2 2 2 2 2 4 2 1 2 3 2 1 4 1 3 3 2 2 4 2 2 4 1 2 2 1 3 2 0 1 2 1 1 0 0 1 1 2 3 1 2 2 0 1 0 0 0 0 1 0 0 0 0 0 0 0 0 0 0 0 0 0 0 0 0 0 1 1 1 0 0 1 2 1 0 3 1 3 1 1 1 3 0 3 2 2 1 0 0 0 0 0 7 8 0 1 1 3 2 4 2 4 2 4 2 3 1 2 3 2 4 2 3 3 1 1 1 0 0 2 0 0 0 0 0 0 0 2 0 0 0 0 0 1 0 3 0 0 0 
0 0 0 0 0 0 0 0 0 0 0 0 0 0 0 0 1 0 0 1 0 0 0 0 0 2 0 0 0 0 1 0 1 2 2 3 3 4 3 2 4 2 3 5 5 31 21 1 19 3 1 0 1 0 1 1 1 1 1 1 2 1 1 1 2 1 2 0 1 1 1 1 1 2 1 1 1 0 4 1 3 4 0 0 1 2 0 0 0 0 2 1 0 1 0 0 1 0 0 0 1 0 0 1 0 0 0 0 0 0 0 0 0 0 2 0 0 0 0 0 0 0 1 0 0 0 1 0 2 0 2 0 0 0 2 1 1 0 1 1 0 0 0 0 0 0 10 5 0 0 1 1 0 0 1 0 1 1 2 2 1 2 0 1 1 1 1 1 0 0 0 0 0 0 1 0 0 0 0 0 0 0 0 1 2 0 0 0 0 4 0 0 0 
0 0 0 0 0 0 0 0 0 0 0 0 0 0 0 0 0 0 0 0 0 0 0 0 1 4 0 0 0 0 0 0 0 0 0 0 0 0 0 0 0 0 0 0 2 27 24 2 19 1 0 0 0 0 0 0 0 0 0 0 0 0 0 0 0 0 0 0 0 0 0 0 0 0 0 0 0 0 2 2 4 4 1 0 0 0 0 0 0 0 0 0 0 0 0 0 0 0 0 0 0 0 0 0 0 0 0 0 0 0 0 0 0 0 1 0 0 0 0 0 0 0 0 0 0 0 0 0 0 0 0 0 0 0 0 0 0 0 0 0 0 0 0 0 0 0 11 7 0 0 0 0 0 0 0 0 0 0 0 0 0 0 0 0 0 0 0 2 0 0 0 0 0 0 0 0 0 0 0 0 0 0 0 0 0 0 1 1 0 8 0 0 0 
0 0 0 0 0 0 0 0 0 0 0 0 0 0 0 0 0 0 0 0 0 0 0 0 0 2 0 0 0 0 0 0 0 0 0 0 0 0 0 0 0 0 0 0 0 30 19 1 20 2 0 0 0 0 0 0 0 0 0 0 0 0 0 0 0 0 0 0 0 0 0 0 0 0 0 0 0 0 4 1 7 5 0 0 0 0 0 0 0 0 0 0 0 0 0 0 0 0 0 0 0 0 0 0 0 0 0 0 0 0 0 0 0 0 0 0 0 0 0 0 0 0 0 0 0 0 0 0 0 0 0 0 0 0 0 0 0 0 0 0 0 0 0 0 0 0 8 7 0 0 0 0 0 0 0 0 0 0 0 0 0 0 0 0 0 0 0 1 0 0 0 0 0 0 0 0 0 0 0 0 0 0 0 0 0 1 1 0 2 8 0 0 0 
0 0 0 0 0 1 5 0 0 0 0 0 0 0 0 0 0 0 0 0 0 0 0 0 1 4 0 0 0 0 0 0 0 0 0 0 0 0 0 0 0 0 0 0 0 25 18 2 19 0 0 0 0 0 0 0 0 0 0 0 0 0 0 0 0 0 0 0 0 0 0 0 0 0 0 0 0 0 2 2 4 4 2 0 0 0 0 0 0 0 0 0 0 0 0 0 0 0 0 0 0 0 0 0 0 0 0 0 0 0 0 0 0 0 2 0 0 0 0 0 0 0 0 0 0 0 0 0 0 0 0 0 0 0 0 0 0 0 0 0 0 0 0 0 0 0 6 6 0 0 0 0 0 0 0 0 0 0 0 0 0 0 0 0 0 0 0 0 0 0 0 0 0 0 0 0 0 0 0 0 0 0 0 0 0 0 1 2 2 6 0 0 0 
0 0 0 0 2 3 8 0 0 0 0 0 0 0 0 0 0 0 0 0 0 0 0 0 0 4 0 0 0 0 0 0 0 0 0 0 0 0 0 0 0 0 0 0 0 15 7 1 23 0 0 0 0 0 0 0 0 0 0 0 0 0 0 0 0 0 0 0 0 0 0 0 0 0 0 0 0 0 1 1 2 1 0 0 0 0 0 0 0 0 0 0 0 0 0 0 0 0 0 0 0 0 0 0 0 0 0 0 0 0 0 0 0 0 0 0 0 0 0 0 0 0 0 0 0 0 0 0 0 0 0 0 0 0 0 0 0 0 0 0 0 0 0 0 0 0 8 7 0 0 0 0 0 0 0 0 0 0 0 0 0 0 0 0 0 0 0 1 0 0 0 0 0 0 0 0 0 0 0 0 0 0 0 0 0 0 1 2 2 5 2 0 0 
0 0 0 1 1 2 10 0 0 0 0 0 0 0 0 0 0 0 0 0 0 0 0 0 0 3 0 0 0 0 0 0 0 0 0 0 0 0 0 0 0 0 0 0 0 4 3 2 19 0 0 0 0 0 0 0 0 0 0 0 0 0 0 0 0 0 0 0 0 0 0 0 0 0 0 0 0 0 2 2 4 2 1 0 0 0 0 0 0 0 0 0 0 0 0 0 0 0 0 0 0 0 0 0 0 0 0 0 0 0 0 0 0 0 1 0 0 0 0 0 0 0 0 0 0 0 0 0 0 0 0 0 0 0 0 0 0 0 0 0 0 0 0 0 1 0 9 4 0 0 0 0 0 0 0 0 0 0 0 0 0 0 0 0 0 0 0 0 0 0 0 0 0 0 0 0 0 0 0 0 0 0 0 0 0 0 2 1 3 10 0 0 0 
0 0 0 1 2 4 7 0 0 0 0 0 0 0 0 0 0 0 0 0 0 0 0 0 0 3 0 0 0 0 0 0 0 0 0 0 0 0 0 0 0 0 0 0 0 2 3 1 23 0 0 0 0 0 0 0 0 0 0 0 0 0 0 0 0 0 0 0 0 0 0 0 0 0 0 0 0 0 2 0 4 2 0 0 0 0 0 0 0 0 0 0 0 0 0 0 0 0 0 0 0 0 0 0 0 0 0 0 0 0 0 0 0 1 3 0 0 0 0 0 0 0 0 0 0 0 0 0 0 0 0 0 0 0 0 0 0 0 0 0 0 0 0 0 1 0 10 7 0 0 0 0 0 0 0 0 0 0 0 0 0 0 0 0 0 0 0 1 0 0 0 0 0 0 0 0 0 0 0 0 0 0 0 0 0 0 1 3 3 6 0 0 0 
0 0 0 2 1 2 10 0 0 0 0 0 0 0 0 0 0 0 0 0 0 0 0 0 0 3 0 0 0 0 0 0 0 0 0 0 0 0 0 0 0 0 0 0 0 1 3 2 19 0 0 0 0 0 0 0 0 0 0 0 0 0 0 0 0 0 0 0 0 0 0 0 0 0 0 0 0 0 1 1 3 4 0 0 0 0 0 0 0 0 0 0 0 0 0 0 0 0 0 0 0 0 0 0 0 0 0 0 0 0 0 0 0 0 2 0 0 0 0 0 0 0 0 0 0 0 0 0 0 0 0 0 0 0 0 0 0 0 0 0 0 0 0 0 1 0 8 7 0 0 0 0 0 0 0 0 0 0 0 0 0 0 0 0 0 0 0 1 0 0 0 0 0 0 0 0 0 0 0 0 0 0 0 0 0 0 0 2 4 4 0 0 0 
0 0 0 1 1 4 8 0 0 0 0 0 0 0 0 0 0 0 0 0 0 0 0 0 0 3 0 0 0 0 0 0 0 0 0 0 0 0 0 0 0 0 0 0 0 2 2 2 23 0 0 0 0 0 0 0 0 0 0 0 0 0 0 0 0 0 0 0 0 0 0 0 0 0 0 0 0 0 2 1 2 2 1 0 0 0 0 0 0 0 0 0 0 0 0 0 0 0 0 0 0 0 0 0 0 0 0 0 0 0 0 0 0 2 1 0 0 0 0 0 0 0 0 0 0 0 0 0 0 0 0 0 0 0 0 0 0 0 0 0 0 0 0 0 1 0 6 3 0 0 0 0 0 0 0 0 0 0 0 0 0 0 0 0 0 0 0 1 0 0 0 0 0 0 0 0 0 0 0 0 0 0 0 0 0 0 1 3 3 8 0 0 0 
0 0 0 2 2 2 10 0 0 0 0 0 0 0 0 0 0 0 0 0 0 0 0 0 0 3 0 0 0 0 0 0 0 0 0 0 0 0 0 0 0 0 0 0 0 1 2 3 19 0 0 0 0 0 0 0 0 0 0 0 0 0 0 0 0 0 0 0 0 0 0 0 0 0 0 0 0 0 1 1 1 3 0 0 0 0 0 0 0 0 0 0 0 0 0 0 0 0 0 0 0 0 0 0 0 0 0 0 0 0 0 0 0 2 0 1 0 0 0 0 0 0 0 0 0 0 0 0 0 0 0 0 0 0 0 0 0 0 0 0 0 0 0 0 0 0 3 3 0 0 0 0 0 0 0 0 0 0 0 0 0 0 0 0 0 0 0 0 0 0 0 0 0 0 0 0 0 0 0 0 0 0 0 0 0 0 0 4 3 3 0 0 0 
0 0 0 1 1 4 8 0 0 0 0 0 0 0 0 0 0 0 0 0 0 0 0 0 0 3 0 0 0 0 0 0 0 0 0 0 0 0 0 0 0 0 0 0 0 2 1 3 23 0 0 0 0 0 0 0 0 0 0 0 0 0 0 0 0 0 0 0 0 0 0 0 0 0 0 0 0 0 0 1 1 0 0 0 0 0 0 0 0 0 0 0 0 0 0 0 0 0 0 0 0 0 0 0 0 0 0 0 0 0 0 0 0 0 0 1 0 0 0 0 0 0 0 0 0 0 0 0 0 0 0 0 0 0 0 0 0 0 0 0 0 0 0 0 0 0 3 2 0 0 0 0 0 0 0 0 0 0 0 0 0 0 0 0 0 0 0 0 0 0 0 0 0 0 0 0 0 0 0 0 0 0 0 0 0 0 0 2 4 1 0 0 0 
0 0 0 2 2 2 7 0 0 0 0 0 0 0 0 0 0 0 0 0 0 0 0 0 0 3 0 0 0 0 0 0 0 0 0 0 0 0 0 0 0 0 0 0 0 1 2 3 18 0 0 0 0 0 0 0 0 0 0 0 0 0 0 0 0 0 0 0 0 0 0 0 0 0 0 0 0 0 0 0 5 3 0 0 0 0 0 0 0 0 0 0 0 0 0 0 0 0 0 0 0 0 0 0 0 0 0 0 0 0 0 0 0 1 2 1 0 0 0 0 0 0 0 0 0 0 0 0 0 0 0 0 0 0 0 0 0 0 0 0 0 0 0 0 1 1 1 1 0 0 0 0 0 0 0 0 0 0 0 0 0 0 0 0 0 0 0 1 0 0 0 0 0 0 0 0 0 0 0 0 0 0 0 0 0 0 0 4 3 4 0 0 0 
0 0 0 1 1 3 10 0 0 0 0 0 0 0 0 0 0 0 0 0 0 0 0 0 0 3 0 0 0 0 0 0 0 0 0 0 0 0 0 0 0 0 0 0 0 2 1 3 12 5 0 0 0 0 0 1 0 1 2 1 0 0 0 0 0 1 0 1 1 0 1 0 0 0 0 0 0 0 2 0 1 0 0 0 0 0 0 0 0 0 0 0 0 0 0 0 0 0 0 0 0 0 0 1 0 1 0 0 1 0 0 0 0 0 0 2 0 0 0 0 0 0 0 0 0 0 0 0 0 0 0 0 0 0 0 0 0 0 0 0 0 0 0 0 0 0 1 2 0 0 0 0 0 0 0 0 0 0 0 0 0 0 0 0 0 0 0 2 0 0 0 0 0 0 0 0 0 0 0 0 0 0 0 0 0 0 0 3 3 10 0 0 0 
0 0 0 2 2 3 8 0 0 0 0 0 0 0 0 0 0 0 0 0 0 0 0 0 0 3 0 0 0 0 0 0 0 0 0 0 0 0 0 0 0 0 0 0 0 1 2 3 14 4 0 1 0 0 2 1 1 2 1 1 2 1 1 1 2 1 3 2 1 1 1 2 1 2 1 1 0 0 3 1 5 1 1 0 1 2 1 0 0 0 0 0 0 0 0 0 0 0 2 1 1 3 2 1 1 1 1 1 0 1 0 0 0 0 0 0 0 0 0 0 0 0 0 0 0 1 0 0 0 0 0 0 0 0 1 0 1 2 0 1 0 1 0 0 0 0 3 3 0 0 0 0 0 0 0 0 0 0 0 0 0 0 0 0 0 0 0 1 0 0 0 0 0 0 0 0 0 0 0 0 0 0 0 0 0 0 0 3 4 10 1 0 0 
0 0 0 1 1 3 7 1 1 0 0 1 0 1 1 0 1 0 2 0 1 1 1 1 0 2 1 0 2 1 1 1 0 1 1 0 1 1 1 1 1 0 1 0 0 2 1 3 22 0 0 0 0 0 0 0 1 1 3 0 0 0 0 0 0 0 0 2 2 0 0 0 0 0 0 0 0 0 3 2 5 5 2 0 0 0 0 0 0 0 0 0 0 0 0 0 0 0 0 0 0 0 0 0 1 0 0 0 0 0 0 0 0 0 1 0 0 0 0 0 0 0 0 0 0 0 0 0 0 0 0 0 0 0 0 0 0 0 0 0 0 0 0 0 0 1 0 1 0 0 0 0 0 0 0 0 0 0 0 0 0 0 0 0 0 0 0 1 0 0 0 0 0 0 0 0 0 0 0 0 0 0 0 0 0 0 0 4 3 12 0 0 0 
0 0 0 1 2 3 4 1 1 2 1 0 2 2 0 3 2 0 2 2 1 2 1 1 3 2 2 2 2 2 1 2 2 0 1 3 0 2 2 1 2 2 0 1 1 1 2 3 10 1 0 0 0 0 0 1 1 2 2 2 1 1 2 0 1 1 3 2 2 1 1 2 1 0 1 0 0 0 3 1 7 2 1 0 0 0 0 0 0 0 0 0 0 0 0 0 0 0 0 0 0 2 0 0 0 0 0 0 0 0 0 1 1 0 0 0 0 0 0 0 0 0 0 0 0 0 0 0 0 0 0 0 0 0 0 0 0 0 0 0 0 0 0 0 0 0 0 0 0 0 0 0 1 1 1 0 0 0 0 0 0 0 1 0 1 0 1 1 0 0 0 1 0 0 0 0 1 1 2 3 3 2 3 4 1 3 2 3 3 12 0 0 0 
0 0 0 2 1 2 6 1 1 1 1 2 1 2 0 4 3 2 1 1 1 1 1 0 1 4 1 1 1 1 2 1 2 2 2 2 2 1 1 1 4 1 2 0 0 2 1 3 10 1 2 2 3 2 2 1 3 0 3 3 1 2 2 3 2 2 1 3 2 1 2 1 4 2 2 1 0 0 3 2 1 6 2 1 3 2 0 0 0 0 0 0 0 0 1 1 0 0 0 0 1 2 0 3 1 1 1 0 0 0 0 1 0 0 0 0 0 0 0 0 1 1 1 0 1 0 0 0 0 2 0 0 0 0 0 0 1 0 0 0 0 0 0 0 0 0 0 0 0 0 0 0 0 0 0 1 0 1 1 1 1 2 0 0 1 1 0 1 0 1 1 1 2 0 0 0 0 1 1 1 2 2 2 2 3 2 1 3 4 10 0 0 0 
0 0 0 1 2 4 3 1 2 1 2 1 2 1 1 1 1 2 0 3 0 3 1 1 2 3 3 2 0 3 1 2 1 2 0 4 0 2 1 2 0 3 1 1 0 1 2 3 11 4 1 2 2 1 2 2 1 1 2 3 2 1 3 2 0 2 2 2 2 3 1 2 2 1 2 2 0 0 3 1 2 4 3 1 3 2 3 0 0 1 0 0 0 0 0 1 0 0 0 0 0 3 1 2 0 1 0 1 1 0 0 0 1 0 0 0 0 0 0 0 0 0 0 0 0 0 0 0 0 0 0 0 0 0 0 0 0 0 0 0 0 0 0 0 0 0 0 0 0 0 0 0 0 0 0 0 0 1 3 1 2 2 0 2 2 1 0 0 0 1 1 0 1 1 0 1 2 0 2 2 4 3 1 4 2 3 0 4 3 10 0 0 0 
0 0 0 3 1 2 10 0 2 1 1 0 1 1 1 2 1 0 1 1 1 2 1 0 0 3 3 3 0 0 0 1 1 0 3 1 1 0 1 0 1 0 0 0 0 2 1 3 13 2 1 0 1 0 1 1 1 2 3 0 0 0 0 1 2 0 2 1 2 1 0 0 1 2 2 1 0 0 3 2 3 6 0 0 1 0 1 1 0 0 0 1 1 0 0 0 0 1 1 0 0 3 1 0 0 1 0 0 0 0 0 0 0 0 0 0 0 0 0 0 0 0 1 0 0 0 0 0 0 0 0 0 0 0 0 0 0 0 0 0 0 0 0 0 1 0 0 0 0 0 0 0 0 0 0 0 0 1 0 2 2 1 1 0 1 1 0 0 1 2 1 0 1 0 0 1 0 2 3 1 2 4 2 2 2 2 1 3 3 14 0 0 1 
0 0 0 8 1 4 6 2 1 2 1 0 1 2 3 3 1 2 1 1 1 1 1 0 2 3 4 3 3 1 2 1 2 3 1 5 4 2 0 0 0 0 0 0 0 1 2 3 2 2 1 1 1 2 2 0 3 1 2 1 2 3 1 3 0 3 1 2 0 3 2 2 3 0 2 3 1 0 3 1 1 2 1 1 1 1 0 0 1 0 1 0 1 1 0 1 0 0 1 0 3 1 2 2 2 2 2 0 1 0 1 0 0 0 0 0 0 0 0 0 0 0 0 0 0 0 0 0 0 0 0 0 0 0 1 0 0 0 0 0 0 0 0 0 0 0 0 0 0 0 0 0 0 0 2 1 2 2 3 1 4 3 3 3 2 2 4 2 3 1 2 0 1 1 1 2 1 3 3 2 5 3 3 2 5 2 1 3 3 11 0 0 0 
0 0 0 10 2 2 3 0 0 1 2 2 1 0 1 2 1 0 0 3 0 2 1 2 2 4 1 2 1 2 0 3 0 2 2 2 0 1 0 1 1 0 0 2 0 2 1 3 0 2 2 1 4 1 2 4 1 2 1 3 1 2 3 1 2 1 3 1 1 3 2 2 2 2 1 2 1 3 2 3 3 2 2 0 0 2 0 0 1 3 2 3 0 0 0 0 0 2 2 1 1 2 3 1 2 1 2 1 0 2 1 0 0 0 0 0 0 0 0 0 0 0 0 0 0 0 0 0 0 0 0 0 0 0 0 0 0 0 0 0 0 0 0 0 0 0 0 0 0 0 0 0 0 0 2 1 2 3 3 2 2 2 2 2 0 4 3 4 3 2 2 2 4 2 1 1 3 4 3 2 3 1 3 2 3 0 0 4 4 7 0 1 2 
0 0 0 5 1 2 2 2 4 0 1 2 1 2 1 2 2 2 2 1 2 1 1 1 1 2 1 1 1 1 1 1 1 3 2 1 2 2 3 1 2 1 2 4 2 1 2 3 2 2 2 2 2 1 2 2 2 3 1 2 2 2 3 2 4 2 2 2 2 2 2 2 3 3 1 4 1 3 3 2 2 1 1 0 0 1 0 1 3 0 3 2 2 2 3 0 1 1 1 0 2 2 2 2 3 1 1 4 0 0 0 0 0 1 0 0 0 0 0 0 0 0 0 0 0 0 0 0 0 0 0 0 0 0 1 0 0 0 0 0 0 0 0 0 0 0 0 0 0 0 0 0 0 0 0 0 0 2 0 1 2 2 1 2 2 1 2 2 1 1 2 2 1 1 2 2 2 4 0 2 4 2 0 2 3 0 2 3 3 10 3 1 0 
0 0 0 8 2 1 1 1 2 0 1 3 2 1 2 1 1 1 1 1 1 2 2 1 2 4 2 2 2 2 2 2 2 3 1 1 1 1 3 2 1 2 1 2 1 2 1 3 3 3 2 1 3 2 3 2 3 1 1 4 2 2 1 1 2 2 3 2 3 2 2 2 3 1 3 1 3 2 1 2 2 1 0 0 0 2 0 2 1 1 2 0 0 1 1 1 1 0 2 2 2 3 3 3 2 3 2 1 1 1 1 0 0 0 0 0 0 0 0 0 0 0 0 0 0 0 0 0 0 0 0 0 0 0 0 0 0 0 0 0 0 0 0 0 0 0 0 0 0 0 0 0 0 0 0 0 0 1 0 4 2 4 2 2 4 2 4 4 1 4 1 3 4 2 3 3 1 3 2 3 3 4 2 3 4 2 3 3 3 7 5 0 0 
0 0 0 8 1 2 1 2 4 0 2 3 1 1 2 2 2 1 2 2 2 1 1 2 1 2 1 1 1 1 1 1 1 3 2 2 2 2 3 1 2 1 2 4 2 1 2 4 5 1 2 2 2 2 2 1 2 2 1 3 3 2 3 2 2 3 2 1 3 3 2 2 2 2 1 3 4 2 3 2 2 3 0 1 1 1 2 3 1 1 1 2 2 1 2 0 0 0 1 0 1 1 1 1 1 1 0 0 0 0 0 0 0 0 0 0 0 0 0 0 0 0 0 0 0 0 0 0 0 0 0 0 0 0 0 1 0 0 0 0 0 0 0 0 0 0 0 0 0 0 0 0 0 0 0 0 0 0 0 0 1 2 1 3 3 1 3 2 3 3 3 3 2 2 4 3 2 4 2 3 3 3 2 4 3 1 3 4 4 7 3 0 1 
0 0 1 9 2 1 2 1 2 0 1 3 2 1 2 1 1 2 1 1 1 2 2 1 2 4 2 2 2 2 2 2 2 3 1 2 1 1 3 2 1 2 1 2 2 2 1 2 6 3 1 2 3 2 2 3 2 2 2 2 2 2 3 2 2 3 2 1 3 2 2 3 3 2 2 3 1 2 1 2 2 2 0 0 0 1 2 1 0 0 0 0 1 2 1 0 0 2 1 1 1 1 2 0 0 0 0 0 0 0 0 0 0 0 0 0 0 0 0 0 0 0 0 0 0 0 0 0 0 0 0 0 0 0 2 0 0 0 0 1 0 0 0 0 0 0 0 0 0 0 0 0 0 0 0 0 0 0 0 1 0 2 1 4 3 2 3 2 3 3 2 3 4 1 3 3 2 2 1 4 3 3 1 3 3 2 4 3 3 12 0 0 0 
0 0 0 9 1 2 1 2 3 0 2 3 1 0 3 2 2 1 2 2 2 1 1 2 1 2 1 1 1 1 1 1 1 3 2 1 2 2 3 1 2 1 2 4 1 1 2 4 8 3 1 2 3 2 2 2 3 2 1 3 1 2 2 2 2 3 2 3 2 2 2 2 2 2 2 2 2 3 2 2 1 1 0 1 0 0 1 0 0 0 1 0 2 1 0 0 1 1 3 0 1 1 0 1 0 1 0 0 0 0 0 0 0 0 0 0 0 0 0 0 0 0 0 0 0 0 0 0 0 1 0 1 0 0 0 0 0 0 0 0 0 0 0 0 0 0 0 0 0 0 0 0 0 0 0 0 0 0 1 1 1 3 1 1 4 1 4 1 3 4 1 3 3 2 3 3 1 4 2 3 4 4 2 3 4 2 2 3 3 11 0 0 0 
0 0 0 8 2 1 2 1 3 0 1 3 0 2 3 1 1 2 1 1 1 2 2 1 2 4 2 2 2 2 2 1 2 3 1 1 1 1 3 2 1 2 1 3 2 2 2 2 8 2 2 2 2 2 2 2 2 2 3 2 3 1 2 2 2 2 3 2 3 2 2 1 3 2 2 2 2 3 3 2 1 2 1 2 1 0 0 1 0 1 0 1 1 2 2 2 0 2 3 0 0 0 0 0 0 0 0 0 0 0 0 0 0 0 0 0 0 0 0 0 0 0 0 0 0 0 0 0 0 0 0 0 0 0 0 0 0 0 1 0 0 0 0 0 0 0 0 0 0 0 0 0 1 1 0 0 0 1 0 4 1 2 1 3 3 2 3 1 4 2 2 3 3 2 4 4 2 4 1 3 3 3 2 4 3 1 4 4 4 11 0 0 0 
0 0 0 9 1 1 1 2 2 1 2 3 0 1 2 1 2 1 2 2 2 1 1 2 1 2 1 1 1 1 1 2 1 3 2 2 2 2 3 1 2 1 2 3 1 1 1 4 11 3 2 2 2 2 2 2 2 2 1 2 2 2 3 2 2 3 1 2 3 2 1 4 2 2 2 2 2 2 2 2 2 1 2 2 1 0 2 0 0 0 0 2 1 3 1 1 2 3 2 0 0 0 0 0 0 0 0 0 0 0 0 0 0 0 0 0 0 0 0 0 0 0 0 0 0 0 0 0 0 1 0 0 0 0 0 1 0 1 0 0 0 0 0 0 0 0 0 0 0 0 0 0 0 0 0 0 0 1 1 1 1 1 1 3 3 1 2 1 3 2 2 4 4 1 3 3 2 2 2 4 3 3 1 3 3 2 4 3 3 11 1 0 0 
0 0 0 9 1 2 2 1 1 2 1 3 0 2 4 2 1 2 1 1 1 1 2 1 2 3 2 2 2 2 2 1 2 3 1 2 1 1 3 2 1 2 1 3 2 2 2 2 12 2 2 1 2 2 2 2 2 2 2 2 2 2 2 3 2 2 2 2 2 2 2 2 2 2 2 1 4 2 2 0 0 0 2 1 2 0 0 1 0 0 0 1 2 1 2 3 3 0 1 1 0 0 0 0 0 0 0 0 0 0 0 0 0 0 0 0 0 0 0 0 0 0 0 0 0 0 0 1 1 1 0 0 0 1 0 0 0 0 0 0 0 0 0 0 0 0 0 1 0 0 0 0 0 0 1 0 0 1 0 1 0 1 1 3 0 0 2 1 1 4 0 3 3 2 3 3 1 4 2 3 4 4 2 3 3 2 2 3 3 10 1 0 0 
0 0 0 9 2 1 1 2 2 1 2 3 0 1 2 1 2 1 2 2 2 2 1 2 1 3 0 2 1 1 1 2 1 3 2 1 2 2 3 1 2 1 2 3 1 1 1 3 15 2 2 3 2 2 2 3 2 2 3 2 2 2 1 1 3 1 3 3 1 3 2 3 2 2 2 0 1 2 1 0 0 1 1 1 0 0 2 3 1 2 1 1 1 0 2 3 2 0 1 1 0 0 0 0 0 0 0 0 0 0 0 0 0 0 0 0 0 0 0 0 0 0 0 0 0 1 2 1 1 1 0 0 0 0 0 0 0 0 0 0 0 0 0 0 1 1 2 0 1 0 0 0 1 0 0 0 0 0 0 0 0 1 2 1 1 1 2 1 3 2 1 3 3 1 4 4 2 4 1 3 3 2 2 4 4 1 4 4 4 8 4 0 0 
0 0 0 8 1 2 2 1 1 2 1 1 1 2 4 2 1 2 1 1 1 1 2 1 2 3 1 3 1 2 2 1 2 3 1 1 1 1 4 2 1 2 1 3 2 2 2 3 15 1 2 1 3 2 2 2 1 1 1 4 1 2 4 2 1 2 3 1 2 3 1 1 3 1 2 1 1 0 1 0 1 2 1 1 1 1 2 1 1 2 1 2 1 2 1 2 1 1 2 0 0 0 0 0 0 0 0 0 0 0 0 0 0 0 0 0 0 0 0 0 0 0 0 1 0 0 4 2 2 1 0 0 0 0 0 0 0 0 0 0 0 0 0 0 0 0 2 0 1 0 0 0 1 0 0 0 0 0 0 2 0 1 1 0 1 2 2 1 2 2 1 3 4 2 3 3 2 2 2 4 3 4 1 3 3 2 4 3 3 11 1 0 1 
0 0 0 10 2 1 1 1 2 1 2 2 2 1 2 1 2 1 2 2 1 2 1 2 1 3 0 2 2 1 1 2 1 3 2 2 2 2 1 2 2 1 2 3 1 1 1 2 17 2 1 2 3 1 1 4 2 2 2 2 2 1 2 2 2 1 3 2 1 3 2 2 3 2 1 3 1 2 2 0 0 2 2 1 2 2 0 1 2 1 3 1 2 1 1 1 0 2 3 0 0 0 0 0 0 0 0 0 0 0 0 0 0 0 0 0 0 0 0 0 0 0 0 0 0 0 2 2 3 2 4 0 1 0 0 0 0 0 0 0 0 0 0 0 0 0 0 0 0 0 0 0 0 0 0 0 0 0 0 0 0 0 0 2 1 1 2 2 3 1 0 2 1 2 3 3 1 4 2 3 4 4 2 3 3 2 2 3 3 9 1 0 0 
0 0 0 7 1 2 2 2 1 2 1 1 1 1 3 2 1 2 1 1 2 1 2 1 2 3 0 4 1 2 2 1 2 3 1 2 1 1 2 4 1 2 1 3 2 2 2 1 16 1 2 1 3 2 2 2 1 1 1 3 2 2 4 1 1 2 3 1 2 4 1 1 3 1 2 2 1 1 3 2 1 3 2 1 3 1 2 4 1 1 3 2 2 2 1 1 2 1 1 1 2 0 0 1 1 0 0 0 0 0 0 0 0 0 0 0 0 0 0 0 0 0 0 0 2 2 4 1 3 1 1 1 3 0 0 0 0 0 0 0 0 0 0 0 0 0 0 2 1 0 0 0 0 0 0 0 0 0 0 0 0 0 0 1 0 0 3 0 1 0 1 0 2 1 3 3 3 3 1 3 3 2 2 4 4 1 4 4 4 9 3 1 1 
0 0 0 10 2 1 1 1 1 1 2 2 2 2 3 1 2 1 1 2 1 2 1 2 1 2 1 2 2 1 1 2 1 3 2 1 2 2 1 2 2 1 2 3 1 1 1 2 17 2 1 2 3 1 1 4 2 2 2 2 2 1 3 2 2 2 3 2 1 2 2 2 3 2 1 4 2 2 3 1 1 3 1 2 2 2 1 3 2 2 4 1 1 4 2 2 4 2 3 2 1 1 1 0 2 1 2 0 0 0 0 0 0 0 0 0 0 0 0 0 0 0 0 0 0 1 3 2 4 2 3 1 3 2 1 1 0 0 0 2 0 0 0 0 0 0 0 1 0 0 0 3 0 0 0 0 0 0 0 0 0 0 0 0 0 0 0 1 1 1 0 2 1 1 3 1 4 3 2 4 3 4 1 3 3 2 4 3 3 12 0 0 0 
0 0 0 9 1 2 1 2 2 2 1 1 1 1 3 2 1 2 2 1 2 1 2 1 2 2 1 4 1 2 2 1 2 3 1 1 1 1 2 3 2 2 1 3 2 2 2 1 16 1 2 1 3 3 2 2 1 1 1 3 2 2 3 1 1 1 3 1 2 4 1 1 3 1 2 2 1 1 3 2 2 2 3 1 4 1 2 3 1 1 2 2 2 2 1 1 3 1 3 1 2 1 2 2 1 2 0 0 0 0 0 0 0 0 0 0 0 0 0 0 0 0 1 0 1 2 3 1 3 2 4 2 2 1 2 2 2 0 0 0 0 0 0 0 0 1 1 0 0 0 0 0 0 0 0 0 0 0 0 0 0 0 0 0 0 0 0 0 1 1 1 0 2 2 4 3 1 4 2 3 3 4 2 3 2 3 2 3 2 11 0 0 0 
0 0 0 7 2 3 4 2 0 0 0 1 2 2 1 1 1 1 1 1 1 2 2 1 1 2 2 1 2 1 2 1 2 2 2 2 2 2 2 0 2 3 2 2 1 1 1 2 17 2 1 2 2 1 1 4 2 2 2 1 3 2 2 2 2 2 3 2 1 2 2 2 3 2 2 4 2 2 3 1 2 1 3 2 2 2 1 3 2 3 3 1 1 4 2 2 3 2 4 2 1 4 1 0 0 0 0 0 0 0 0 0 0 0 0 0 0 0 0 0 0 0 0 0 1 2 4 2 2 1 2 2 4 2 1 0 1 0 0 0 0 0 0 0 8 0 0 0 0 0 0 2 2 0 0 0 0 0 0 0 0 0 0 0 0 0 0 0 1 0 0 0 1 0 3 2 4 3 1 3 4 2 2 4 3 2 17 4 2 15 0 0 0 
0 0 0 10 1 8 3 0 0 0 0 0 0 0 0 0 0 0 0 0 0 0 0 0 0 2 1 0 0 0 0 0 0 0 0 0 1 1 0 2 1 1 1 0 0 2 2 1 16 1 2 1 2 3 2 2 2 1 1 1 1 1 0 1 1 2 0 2 1 0 1 1 3 1 1 3 1 1 3 2 1 2 3 1 4 2 2 3 4 1 0 3 1 1 1 2 1 2 1 2 1 0 0 0 1 0 1 0 0 0 0 0 0 0 0 0 0 0 0 0 0 0 1 2 1 2 2 1 1 0 3 1 1 1 1 0 0 0 0 0 0 0 0 0 33 1 0 2 0 0 0 2 1 0 0 0 0 0 0 0 0 0 0 0 0 0 0 0 2 2 0 0 2 3 3 2 3 3 2 4 2 4 1 2 3 2 25 3 2 13 0 0 0 
0 0 0 8 2 7 2 0 0 0 0 0 0 0 0 0 0 0 0 0 0 0 0 0 0 2 1 1 0 0 0 0 0 0 0 0 0 0 0 0 0 1 1 0 0 1 1 2 17 2 1 2 2 2 1 4 4 0 0 0 0 0 0 0 0 0 0 0 0 0 2 2 4 2 2 3 2 2 3 1 2 1 3 2 3 1 1 3 5 0 0 0 0 0 0 0 0 0 0 0 0 0 0 0 1 0 0 0 0 0 0 0 0 0 0 0 0 0 0 0 0 1 1 0 0 0 0 0 0 0 0 0 0 0 0 0 0 3 0 0 0 0 0 0 30 1 0 2 0 0 0 0 0 0 0 0 0 0 0 0 0 0 0 0 0 0 0 0 0 0 0 0 0 1 1 2 0 3 0 0 0 0 0 0 0 0 24 3 1 12 0 0 0 
0 2 0 9 1 8 3 0 0 0 0 0 0 0 0 0 0 0 0 0 0 0 0 0 0 1 0 0 0 0 0 0 0 0 0 0 0 0 0 0 0 0 0 0 0 2 2 1 16 1 2 1 2 4 2 2 3 0 0 0 0 0 0 0 0 0 0 0 0 0 1 2 2 2 1 3 1 2 3 2 1 2 3 1 3 2 2 3 4 0 0 0 0 0 0 0 0 0 0 0 0 0 0 0 0 0 0 0 0 0 0 0 0 0 1 0 0 0 0 0 0 2 4 0 0 0 0 0 0 0 0 0 0 0 0 0 0 3 1 1 0 0 0 0 28 1 0 0 0 0 0 0 0 0 0 0 0 0 0 0 0 0 0 0 0 0 0 0 0 0 0 0 0 0 0 0 0 2 0 0 0 0 0 0 0 0 26 4 2 13 0 0 0 
0 0 0 8 1 9 1 0 0 0 0 0 0 0 0 0 0 0 0 0 0 0 0 0 0 2 0 0 0 0 0 0 0 0 0 0 0 0 0 0 0 0 0 0 0 1 1 2 17 2 1 2 1 2 1 4 3 0 0 0 0 0 0 0 0 0 0 0 0 0 2 1 4 1 3 2 3 1 3 1 2 1 3 2 3 1 1 4 5 0 0 0 0 0 0 0 0 0 0 0 0 0 0 0 1 1 1 1 1 0 0 0 0 0 0 0 0 0 0 0 0 1 4 0 0 0 0 0 0 0 0 0 0 0 0 0 0 1 0 0 0 0 0 0 29 1 0 1 0 0 0 0 0 0 0 0 0 0 0 0 0 0 0 0 0 0 0 0 0 0 0 0 0 0 0 0 0 1 0 0 0 0 0 0 0 0 24 2 3 11 0 0 0 
0 0 0 9 2 7 3 0 0 0 0 0 0 0 0 0 0 0 0 0 0 0 0 0 0 1 0 0 0 0 0 0 0 0 0 0 0 0 0 0 0 0 0 0 0 2 2 1 16 1 2 1 2 4 2 2 3 0 0 0 0 0 0 0 0 0 0 0 0 0 1 2 2 2 4 1 3 2 4 2 1 2 3 2 2 3 2 2 5 0 0 0 0 0 0 0 0 0 0 0 0 0 0 0 3 1 4 1 0 0 1 0 0 0 0 0 0 0 0 0 0 2 5 0 0 0 0 0 0 0 0 0 0 0 0 0 0 0 0 1 0 0 0 0 27 1 1 5 0 0 0 0 0 0 0 0 0 0 0 0 0 0 0 0 0 0 0 0 0 0 0 0 0 0 0 0 0 2 0 0 0 0 0 0 0 0 25 2 2 11 0 0 0 
0 0 0 9 1 9 1 0 0 0 0 0 0 0 0 0 0 0 0 0 0 0 0 0 0 2 0 0 0 0 0 0 0 0 0 0 0 0 0 0 0 0 0 0 0 2 1 2 17 2 1 2 1 2 1 4 3 0 0 0 0 0 0 0 0 0 0 0 0 0 2 1 2 6 3 2 3 1 2 1 2 2 3 1 1 3 2 4 4 0 0 0 0 0 0 0 0 0 0 0 0 0 0 0 3 2 2 1 0 0 1 2 0 1 1 0 1 1 0 1 1 3 3 0 0 0 0 0 0 0 0 0 0 0 0 0 0 1 0 0 0 0 0 0 29 1 1 9 0 0 0 0 0 0 0 0 0 0 0 0 0 0 0 0 0 0 0 0 0 0 0 0 0 0 0 0 0 2 0 0 0 0 0 0 0 0 26 2 4 13 0 0 0 
0 0 0 9 2 7 3 0 0 0 0 0 0 0 0 0 0 0 0 0 0 0 0 0 0 1 0 0 0 0 0 0 0 0 0 0 0 0 0 0 0 0 0 0 0 1 2 1 14 3 2 1 2 4 2 2 3 0 0 0 0 0 0 0 0 0 0 0 0 0 1 2 1 6 1 2 3 2 4 2 1 1 4 2 2 3 1 2 6 0 0 0 0 0 0 0 0 0 0 0 0 0 0 0 3 1 2 1 1 1 2 2 1 1 2 2 0 3 2 1 1 2 2 0 0 0 0 0 0 0 0 0 0 0 0 0 0 4 1 1 0 0 0 0 29 1 1 0 0 0 0 0 0 0 0 0 0 0 0 0 0 0 0 0 0 0 0 2 1 0 0 0 0 0 0 0 0 1 0 0 0 0 0 0 0 0 26 1 4 10 0 0 0 
0 0 0 8 1 9 2 0 0 0 0 0 0 0 0 0 0 0 0 0 0 0 0 0 0 2 0 0 0 0 0 0 0 0 0 0 0 0 0 0 0 0 0 0 0 2 1 2 16 3 1 2 1 2 1 4 3 0 0 0 0 0 0 0 0 0 0 0 0 0 2 1 2 6 2 1 3 1 1 2 2 2 2 1 1 3 2 4 3 0 0 0 0 0 0 0 0 0 0 0 0 0 0 0 3 2 2 2 2 4 1 4 1 2 3 1 2 3 2 2 2 2 1 0 0 0 0 0 0 0 0 0 0 0 0 0 0 3 2 2 0 0 0 0 26 2 0 2 0 0 0 0 0 0 0 0 0 0 0 0 0 0 0 0 0 0 0 3 2 0 0 0 0 0 0 0 0 2 0 0 0 0 0 0 0 0 23 3 1 12 0 0 0 
0 0 0 9 2 6 3 0 0 0 0 0 0 0 0 0 0 0 0 0 0 0 0 0 0 1 0 0 0 0 0 0 0 0 0 0 0 0 0 0 0 0 0 0 0 1 2 1 15 3 2 1 2 4 2 2 3 0 0 0 0 0 0 0 0 0 0 0 0 0 1 2 1 5 1 2 3 2 4 2 1 1 4 2 2 3 1 3 6 0 0 0 0 0 0 0 0 0 0 0 0 0 0 0 4 2 3 2 1 2 2 3 2 1 3 2 1 3 1 3 0 3 4 0 0 0 0 0 0 0 0 0 0 0 0 0 0 3 2 1 0 0 0 0 25 3 0 8 0 0 0 0 0 0 0 0 0 0 0 0 0 0 0 0 0 0 0 2 1 0 0 0 0 0 0 0 0 2 0 0 0 0 0 0 0 0 22 2 4 12 0 0 0 
2 0 0 8 1 5 4 1 1 1 0 1 1 1 1 1 1 1 1 0 1 1 1 1 1 3 1 1 1 1 1 2 1 1 1 2 0 2 1 1 2 0 2 1 1 2 1 2 16 3 1 2 1 2 1 6 1 1 1 0 0 1 1 0 1 0 0 0 1 0 2 1 2 2 2 1 3 1 2 3 2 2 3 1 2 3 2 3 3 1 0 0 1 0 0 0 1 0 0 0 0 0 0 0 2 1 3 2 2 4 1 3 2 2 4 1 2 4 2 3 2 3 5 0 0 0 0 0 0 0 0 0 0 0 0 0 0 2 2 2 0 0 0 0 26 3 2 11 0 0 0 0 0 0 0 0 0 0 0 0 0 0 0 0 0 0 0 4 0 0 0 0 1 0 0 0 1 1 0 0 0 0 0 0 0 0 26 1 4 11 0 0 0 
0 0 0 9 2 9 1 0 0 0 0 0 0 0 0 1 2 0 0 1 0 0 0 0 0 1 0 1 0 0 1 1 0 1 0 3 0 1 0 0 0 0 1 0 1 1 2 1 14 3 2 1 2 4 2 3 2 1 2 1 1 2 1 2 1 2 1 3 1 0 1 2 1 4 1 2 3 2 1 3 1 1 3 2 1 3 1 3 6 1 1 2 2 2 1 3 1 3 1 1 3 2 1 0 4 2 2 2 1 3 2 3 1 1 3 2 2 3 1 4 1 3 4 1 1 2 2 2 1 2 1 1 2 1 2 1 1 2 2 2 0 0 0 0 24 4 1 8 1 2 0 1 0 1 0 0 0 0 0 0 1 1 1 0 0 0 3 3 3 3 4 3 2 4 2 3 1 4 3 2 1 3 1 2 2 1 26 2 2 12 0 0 0 
0 0 0 10 1 9 2 0 0 0 0 0 0 0 0 2 1 0 0 0 0 0 0 0 0 2 0 0 0 0 0 0 0 0 0 3 0 0 0 0 0 0 0 0 0 2 1 2 17 3 1 2 1 2 1 6 1 0 0 0 0 0 0 1 0 0 0 0 0 0 2 1 2 2 2 1 3 1 2 3 2 2 3 1 2 4 2 3 4 0 0 0 0 0 0 1 2 0 0 0 0 0 1 0 3 1 2 4 2 3 2 3 2 2 3 1 1 3 2 2 2 3 5 1 1 2 0 1 0 2 0 2 0 0 1 1 0 2 3 1 0 0 0 0 2 2 2 15 0 0 0 0 0 0 0 0 0 0 0 0 0 0 0 0 0 0 0 3 0 0 2 2 1 1 1 1 2 4 2 4 2 2 3 0 1 0 9 2 4 11 0 0 0 
0 0 0 8 2 8 1 0 0 0 0 0 0 0 0 1 2 0 0 0 0 0 0 0 0 1 0 0 0 0 0 0 0 0 0 3 0 0 0 0 0 0 0 0 0 1 2 1 13 3 2 1 2 4 2 3 2 0 0 0 0 0 0 2 0 0 0 0 0 0 1 2 1 4 1 2 4 2 1 3 1 1 3 2 1 2 1 3 5 0 0 0 0 0 0 2 1 0 0 0 0 0 1 0 3 2 1 3 1 4 1 3 1 2 3 2 2 3 2 4 2 3 5 2 0 0 0 0 0 3 1 0 0 0 0 0 0 2 3 2 0 0 0 0 2 4 2 21 0 0 0 0 0 1 0 0 0 2 2 0 1 1 2 1 1 2 1 2 3 0 2 1 1 2 0 1 1 4 2 2 1 3 2 0 0 1 2 1 4 12 0 0 0 
0 0 0 9 1 5 5 0 0 0 0 0 0 0 1 2 1 1 1 1 0 2 1 0 0 3 1 0 0 0 1 0 1 0 1 3 1 1 0 1 0 0 0 1 0 2 1 2 17 3 1 2 1 2 1 6 1 0 0 0 0 0 0 1 0 0 0 0 0 0 2 1 2 2 2 1 2 1 2 3 2 2 3 1 2 4 2 3 4 0 0 0 0 0 0 1 2 0 0 0 0 0 0 2 3 1 2 3 2 2 2 3 2 1 3 2 1 3 1 3 1 3 6 0 0 1 0 0 0 3 1 0 0 0 0 0 0 2 3 1 0 0 0 0 1 4 1 25 0 0 0 1 1 0 1 2 2 4 2 2 2 1 4 1 2 3 2 3 3 2 3 2 1 2 2 2 0 6 1 3 1 4 2 1 2 1 1 2 2 12 0 0 0 
1 3 1 9 1 4 1 2 0 2 0 2 1 2 0 2 1 2 1 3 2 1 1 1 1 3 1 2 2 2 2 1 1 2 2 2 2 2 2 2 1 2 1 2 2 1 2 1 13 3 2 1 2 4 2 3 1 2 0 3 1 2 2 1 3 0 3 2 1 1 2 2 1 4 1 2 4 2 1 3 2 1 3 2 1 3 1 4 4 2 0 2 2 1 2 2 1 2 1 1 1 1 1 1 3 2 1 3 2 4 1 4 1 2 3 1 2 3 2 3 2 1 6 2 0 3 1 1 1 3 1 1 2 0 1 1 0 1 3 2 0 0 0 0 2 2 2 23 0 0 1 1 2 3 1 3 1 4 4 2 3 2 3 2 3 4 1 3 4 2 3 3 2 3 1 4 2 3 2 3 2 1 3 2 4 3 2 2 4 11 0 0 0 
0 0 2 8 2 1 1 2 2 1 2 1 2 1 2 1 2 3 0 2 1 2 2 1 2 1 2 1 3 1 1 2 1 2 1 3 2 1 2 1 4 2 1 1 3 2 1 2 17 3 1 2 1 2 1 2 4 1 2 1 3 1 2 4 1 2 1 2 2 3 1 1 2 2 2 1 3 1 2 3 1 2 3 1 2 3 2 2 2 2 1 3 2 2 3 3 3 2 4 2 1 3 2 1 3 2 2 3 1 2 2 3 2 1 3 2 1 3 1 4 1 2 3 1 4 1 2 1 3 3 4 1 1 4 1 3 1 2 3 2 0 0 0 0 1 4 2 5 1 2 1 2 2 4 2 3 3 2 3 2 3 2 3 1 3 3 3 4 2 2 2 3 2 4 2 2 2 3 3 3 2 3 3 2 3 3 3 1 4 12 0 0 0 
0 0 0 9 1 2 2 1 1 2 1 2 1 2 1 2 1 2 1 4 2 1 1 2 1 2 1 1 3 2 2 1 2 1 2 3 1 2 1 2 2 1 2 2 1 3 2 2 14 3 2 1 2 4 2 1 2 2 1 2 3 2 1 2 2 1 2 4 1 2 3 2 1 4 2 2 3 2 1 3 2 1 3 2 1 3 2 4 1 1 2 3 2 3 1 1 3 1 1 2 2 1 4 2 3 1 1 4 2 4 1 3 2 2 4 1 2 4 2 2 2 1 3 2 3 2 4 2 3 1 3 2 2 3 2 3 2 2 3 1 0 0 0 0 2 3 1 4 1 4 2 4 2 3 1 4 3 2 3 1 3 4 2 4 1 4 1 3 4 1 4 4 2 3 4 2 3 4 2 3 3 2 4 3 1 4 2 2 2 12 0 0 0 
0 0 0 8 2 1 1 2 2 1 2 1 2 1 2 1 2 1 2 2 1 2 2 1 2 1 2 2 3 1 1 2 1 2 1 3 2 1 2 1 4 2 1 1 3 2 1 1 16 3 1 2 1 2 2 2 4 1 2 1 3 1 2 2 3 2 1 3 2 3 2 1 2 2 1 1 3 2 2 3 1 2 3 2 2 3 1 1 3 2 1 3 1 2 4 2 3 2 4 2 1 3 2 1 4 2 2 2 1 3 2 2 2 2 3 2 2 3 1 4 1 2 3 1 3 1 2 2 3 2 3 1 2 3 1 3 2 1 4 2 0 0 0 0 2 3 2 3 2 3 1 3 1 3 2 3 3 2 4 2 4 3 1 3 2 3 2 3 3 2 3 3 1 3 3 2 4 3 1 4 4 1 3 4 2 3 4 2 4 11 0 0 0 
0 0 0 9 1 2 2 1 1 2 1 2 1 2 1 2 1 2 1 3 1 1 1 2 1 2 1 1 3 2 2 1 2 1 2 3 1 2 1 2 2 1 2 2 1 3 2 2 14 3 2 1 2 4 1 1 1 3 1 2 3 2 1 1 3 1 2 3 1 1 3 2 1 4 2 2 3 1 1 3 2 1 3 1 1 3 2 3 2 1 2 3 2 1 2 2 3 1 3 2 2 1 3 2 3 1 2 4 2 3 2 2 3 1 3 1 1 3 2 2 2 1 3 2 4 2 4 1 3 1 3 2 1 3 2 3 2 2 3 1 0 0 0 0 1 4 2 3 2 3 2 3 2 4 2 3 4 1 3 2 3 3 2 3 2 3 2 4 3 2 3 3 2 4 3 1 3 3 2 3 3 2 3 3 2 3 4 1 4 12 0 0 0 
0 0 0 11 2 1 1 1 2 1 2 1 2 1 2 1 2 1 2 3 2 1 2 1 2 1 2 2 3 1 1 2 1 2 1 3 2 1 2 1 4 2 1 1 2 3 1 1 17 2 2 2 1 2 2 2 3 2 2 1 3 2 2 2 3 2 1 3 2 2 3 1 2 3 1 1 3 2 2 4 1 2 4 2 2 3 1 2 3 2 2 3 1 2 4 1 3 2 1 3 1 2 3 1 3 2 1 3 1 4 1 1 3 2 3 2 2 3 2 4 2 2 3 1 3 1 3 2 4 2 3 1 2 4 1 2 3 1 3 2 0 0 0 0 2 3 1 4 1 4 1 4 2 3 1 4 2 3 3 1 3 3 2 4 1 4 1 3 4 1 4 4 2 3 4 2 3 4 2 3 3 2 4 3 1 4 2 2 2 12 0 0 0 
0 0 0 9 1 2 2 2 1 2 1 2 1 2 1 2 1 2 1 2 2 2 1 2 1 1 1 1 3 2 2 1 2 1 2 3 1 2 1 2 2 1 2 2 2 3 2 2 15 2 3 1 2 4 1 1 1 3 1 2 3 1 1 1 3 1 2 3 1 1 3 2 2 3 2 2 3 1 1 2 2 2 3 1 2 3 2 1 3 1 1 4 2 1 3 2 3 2 2 3 2 1 3 2 3 1 2 3 2 2 2 3 3 1 2 3 1 3 1 3 1 2 4 2 3 2 3 1 3 2 4 2 1 3 2 2 2 2 3 2 0 0 0 0 2 3 2 2 2 3 2 3 1 3 2 3 2 3 3 2 4 2 3 3 2 3 2 3 3 2 3 3 1 3 3 2 4 2 2 4 4 1 3 4 2 3 4 2 4 11 0 0 0 
0 0 0 8 2 1 1 1 2 1 2 1 2 1 2 1 2 1 2 2 3 1 2 1 2 2 2 2 3 1 1 2 1 2 1 3 2 1 2 1 3 3 1 1 1 4 2 1 15 1 3 2 1 2 2 2 2 3 2 1 3 2 2 2 3 2 1 3 2 2 3 2 1 3 1 2 3 2 2 4 1 1 3 2 1 3 1 2 3 2 2 3 1 2 3 1 3 1 1 3 2 2 3 2 3 2 1 3 2 4 1 2 2 2 3 1 2 4 2 3 2 1 3 2 3 2 4 2 3 1 3 2 2 3 2 2 3 2 3 1 0 0 0 0 1 4 1 4 2 3 2 3 2 4 2 3 2 3 3 2 3 2 3 3 2 3 2 4 3 2 3 3 2 4 3 1 3 2 3 3 3 2 3 3 2 3 4 1 4 12 0 0 0 
0 0 1 9 1 2 1 2 1 2 1 2 1 2 1 2 1 1 1 1 3 2 1 2 1 1 1 1 3 2 2 1 2 1 2 3 1 2 1 2 3 1 2 2 2 2 1 2 15 2 3 1 2 4 1 2 1 3 1 2 3 1 1 1 3 2 2 3 1 1 3 1 2 3 2 1 3 1 1 3 2 2 3 1 2 4 2 1 3 2 1 3 2 1 3 2 3 2 2 3 1 2 3 1 3 1 2 3 1 3 2 1 4 1 3 2 2 3 1 4 1 2 3 1 3 1 2 2 3 2 1 3 2 3 1 2 3 1 4 2 0 0 0 0 2 2 2 3 1 4 1 4 2 3 1 4 1 4 4 1 3 1 4 4 1 4 1 3 4 1 4 4 1 3 4 2 3 2 4 3 3 2 4 3 1 4 2 2 2 11 0 0 0 
0 0 2 8 2 1 2 1 1 1 2 1 2 1 2 1 2 2 2 2 3 1 2 1 2 2 2 2 1 3 1 2 1 2 1 3 2 1 2 1 2 3 1 1 1 4 2 1 15 1 3 2 1 2 2 1 2 3 2 1 3 2 2 2 3 1 1 3 2 2 3 2 1 3 1 2 3 2 2 3 1 1 3 2 1 2 1 2 3 1 2 3 1 2 3 1 4 1 1 3 2 1 4 2 3 2 1 3 2 3 1 2 3 2 2 3 1 3 2 2 2 1 3 2 3 2 4 1 2 2 2 3 1 3 2 1 4 2 3 1 0 0 0 0 1 4 2 3 2 3 2 3 1 3 2 2 2 3 3 2 4 2 3 3 2 3 2 3 3 2 3 3 2 3 3 2 4 1 3 4 4 1 3 4 2 3 4 2 4 12 0 0 0 
0 0 1 9 1 2 1 2 2 2 1 1 1 2 1 2 1 1 1 1 3 2 1 2 1 1 1 1 2 2 3 1 2 1 2 1 3 2 1 2 1 3 2 2 2 2 1 2 15 2 3 1 2 4 1 2 1 3 1 2 3 1 1 1 4 2 2 3 1 1 3 1 2 3 2 1 3 1 2 3 2 2 3 1 2 4 2 1 3 2 1 3 2 1 4 2 3 2 2 4 1 2 2 1 4 2 2 3 1 3 2 1 3 2 1 4 2 3 1 4 2 2 3 1 4 1 3 2 4 2 1 3 2 4 1 2 3 1 3 2 0 0 0 0 2 4 1 4 2 3 2 3 2 3 1 4 2 3 3 2 3 2 3 3 1 3 2 4 3 2 3 3 2 4 3 1 3 2 3 3 2 3 3 3 2 3 4 1 4 12 0 0 0 
0 0 2 7 2 1 2 1 1 1 2 2 2 1 1 1 2 2 2 2 3 0 3 1 2 2 2 2 1 2 2 2 1 2 1 2 3 1 2 1 2 3 1 1 1 4 2 1 15 1 3 2 1 2 2 1 2 3 2 1 3 2 2 2 2 1 1 3 2 2 3 2 1 4 1 2 3 2 1 3 1 1 3 2 1 3 1 2 4 1 2 3 2 2 2 1 3 1 2 3 2 1 4 2 3 1 2 4 2 3 2 2 3 1 2 3 1 3 2 3 1 2 4 2 3 2 3 1 2 3 2 4 1 3 2 1 3 2 3 2 0 0 0 0 2 2 2 3 1 4 1 4 2 3 2 4 1 4 4 1 3 1 4 4 2 3 1 3 4 1 4 4 1 3 4 2 3 2 4 3 2 3 3 3 1 4 2 2 2 11 0 0 0 
0 0 2 8 1 1 1 2 2 2 1 1 1 2 2 2 1 1 1 1 3 0 3 2 1 1 1 1 2 1 4 1 2 1 2 1 3 2 1 2 1 3 2 2 2 2 1 2 15 2 3 1 2 4 1 2 1 3 1 2 3 1 1 1 4 2 2 3 1 1 3 1 2 2 2 1 3 1 2 3 2 2 3 1 2 3 2 1 3 2 1 3 1 2 4 2 3 2 1 3 1 2 3 1 3 2 1 3 1 4 1 1 3 2 1 3 2 3 2 3 2 1 3 2 3 1 4 2 2 2 2 3 2 3 2 2 3 2 3 1 0 0 0 0 1 4 2 3 2 2 2 2 1 4 2 2 2 3 2 3 3 2 3 3 2 4 2 3 3 2 3 3 2 3 3 2 4 1 3 4 2 3 4 4 2 3 4 2 4 11 0 0 0 
0 0 4 8 1 2 2 1 1 1 1 2 2 1 1 1 1 2 1 2 3 0 3 1 2 2 2 2 1 2 2 2 1 2 1 2 3 1 2 1 2 3 1 2 2 3 2 1 15 1 3 2 1 3 2 1 2 3 2 1 3 2 2 2 2 1 1 3 2 2 3 2 1 4 1 2 4 2 1 3 2 1 3 2 1 3 2 2 3 1 2 3 2 1 2 2 3 1 2 3 2 1 3 2 3 1 2 3 2 2 2 2 4 1 2 3 1 3 1 4 1 2 3 1 3 2 2 2 2 3 1 3 2 3 1 2 3 1 4 2 0 0 0 0 2 3 1 4 1 4 2 4 2 3 1 4 2 3 2 3 4 2 3 3 1 3 2 4 3 2 3 2 3 4 3 1 3 2 3 3 1 4 3 3 2 3 4 1 4 13 0 0 0 
0 0 5 5 2 1 3 1 1 2 1 1 1 2 1 2 1 2 1 1 1 2 2 2 1 1 1 2 1 1 3 1 2 2 1 2 2 2 2 1 2 2 2 2 1 2 1 2 15 2 3 1 2 3 1 2 1 3 1 2 3 1 2 1 4 2 2 3 1 2 3 1 2 2 2 1 2 1 2 3 1 2 3 1 2 3 1 1 3 2 1 3 1 2 4 1 3 2 1 3 1 2 3 1 3 2 1 3 2 4 1 2 3 2 2 3 2 4 2 2 2 1 3 2 3 2 4 1 1 3 2 3 1 3 2 1 4 2 3 1 0 0 0 0 2 3 2 3 2 3 1 4 2 3 2 3 1 4 3 2 3 1 3 4 2 3 1 3 3 2 4 2 3 3 4 2 3 2 4 3 2 3 3 3 1 4 2 2 2 11 0 0 0 
0 0 2 7 1 11 0 0 0 0 0 0 0 0 0 0 0 0 0 0 0 0 0 0 0 4 0 0 0 0 0 0 0 0 0 0 0 0 0 0 0 0 0 0 0 2 2 1 15 1 3 2 1 3 2 1 2 3 2 1 3 2 1 2 2 1 1 3 2 1 3 2 1 4 1 2 4 2 1 3 2 1 3 2 1 3 2 2 3 1 2 4 2 1 3 2 3 2 2 3 2 2 3 2 3 1 2 3 1 3 2 1 3 1 1 4 2 3 1 4 1 2 3 1 3 1 3 2 2 4 1 3 2 1 3 2 3 1 3 2 0 0 0 0 1 4 2 3 2 3 2 2 1 4 2 3 2 3 1 4 3 2 4 3 2 4 2 3 1 3 3 1 4 3 3 2 4 1 3 4 2 3 4 4 2 3 4 2 4 11 0 0 0 
0 0 3 8 2 9 0 0 0 0 0 0 0 0 0 0 0 0 0 0 0 0 0 0 0 2 0 0 0 0 0 0 0 0 0 0 0 0 0 0 0 0 0 0 0 2 1 2 15 2 3 1 2 3 1 4 1 0 1 1 0 0 0 1 2 0 1 1 1 0 2 1 2 2 2 1 3 1 2 2 2 2 1 4 2 3 1 2 4 2 1 1 1 1 2 1 1 1 1 2 1 0 1 2 2 3 1 3 2 3 1 2 3 2 2 2 1 3 2 3 2 1 4 2 2 3 2 0 2 2 2 2 2 2 2 2 2 2 3 0 0 0 0 0 2 3 1 12 1 1 0 2 2 1 2 2 1 0 2 1 2 2 1 1 1 2 2 3 1 2 2 2 2 1 1 2 2 2 1 2 1 3 2 2 2 1 3 1 4 12 0 0 0 
0 0 3 6 1 10 1 0 0 0 0 0 0 0 0 0 0 0 0 0 0 0 0 0 0 4 0 0 0 0 0 0 0 0 0 0 0 0 0 0 0 0 0 0 0 4 2 1 15 1 3 2 1 3 2 5 0 0 0 0 0 0 0 0 0 0 0 0 0 0 1 3 1 4 2 2 3 2 1 2 3 2 2 2 2 3 2 1 5 0 0 0 0 0 0 0 0 0 0 0 0 0 0 1 3 3 2 3 1 3 2 1 3 2 1 4 2 3 2 3 2 2 5 0 0 0 0 0 0 0 0 0 0 0 0 0 0 2 3 0 0 0 0 0 2 3 2 19 0 0 0 0 0 0 0 0 0 0 0 0 0 0 0 0 0 0 2 1 0 0 0 0 0 0 0 0 0 0 0 0 0 0 0 0 0 0 1 2 2 12 0 0 0 
0 0 5 5 2 9 1 0 0 0 0 0 0 0 0 0 0 0 0 0 0 0 0 0 0 2 0 0 0 0 0 0 0 0 0 0 0 0 0 0 0 0 0 0 0 3 1 2 15 2 3 1 2 3 1 4 0 0 0 0 0 0 0 0 0 0 0 0 0 0 1 1 2 1 2 1 3 2 2 2 3 1 2 4 1 3 1 2 5 0 0 0 0 0 0 0 0 0 0 0 0 0 0 2 1 2 2 4 2 3 2 2 3 1 2 3 1 3 1 3 1 2 5 0 0 0 0 0 0 0 0 0 0 0 0 0 0 1 4 0 0 0 0 0 1 4 1 21 0 0 0 0 0 0 0 0 0 0 0 0 0 0 0 0 0 0 1 2 0 0 0 0 0 0 0 0 0 0 0 0 0 0 0 0 0 0 2 2 4 11 0 0 0 
0 0 3 9 1 9 1 0 0 0 0 0 0 0 0 0 0 0 0 0 0 0 0 0 0 3 0 0 0 0 0 0 0 0 0 0 0 0 0 0 0 0 0 0 0 2 3 1 15 1 3 2 1 3 2 5 0 0 0 0 0 0 0 0 0 0 0 0 0 0 1 3 1 2 4 2 3 1 1 1 3 2 1 3 2 3 2 1 5 0 0 0 0 0 0 0 0 0 0 0 0 0 0 1 2 4 1 3 1 4 1 1 3 2 1 3 2 4 2 2 3 1 5 0 0 0 0 0 0 0 0 0 0 0 0 0 0 2 3 0 0 0 0 0 2 3 2 19 0 0 0 0 0 0 0 0 0 0 0 0 0 0 0 0 0 0 2 1 0 0 0 0 0 0 0 0 0 0 0 0 0 0 0 0 0 0 0 3 4 11 0 0 0 
0 0 5 9 2 7 2 0 0 0 0 0 0 0 0 0 0 0 0 0 0 0 0 0 0 3 0 0 0 0 0 0 0 0 0 0 0 0 0 0 0 0 0 0 0 3 1 2 16 2 3 1 2 3 1 4 0 0 0 0 0 0 0 0 0 0 0 0 0 0 0 2 2 1 3 1 3 2 2 2 3 1 2 3 1 3 1 2 4 0 0 0 0 0 0 0 0 0 0 0 0 0 0 2 1 3 2 3 2 2 2 2 4 1 2 3 1 3 1 3 2 2 4 0 0 0 0 0 0 0 0 0 0 0 0 0 0 1 3 0 0 0 0 0 2 3 2 19 0 0 0 0 0 0 0 0 0 0 0 0 0 0 0 0 0 0 2 2 0 0 0 0 0 0 0 0 0 0 0 0 0 0 0 0 0 0 0 4 2 12 0 0 0 
0 0 10 3 0 11 1 0 0 0 0 0 0 0 0 0 0 0 0 0 0 0 0 0 0 3 0 0 0 0 0 0 0 0 0 0 0 0 0 0 0 0 0 0 0 2 3 1 15 1 3 2 1 3 2 5 0 0 0 0 0 0 0 0 0 0 0 0 0 0 0 4 1 2 3 2 3 1 1 1 4 2 1 3 2 4 2 1 5 0 0 0 0 0 0 0 0 0 0 0 0 0 0 1 2 3 1 3 2 4 1 2 3 2 2 3 2 3 2 1 3 1 5 0 0 0 0 0 0 0 0 0 0 0 0 0 1 2 4 0 0 0 0 0 1 2 3 20 0 0 0 0 0 0 0 0 0 0 0 0 0 0 0 0 0 0 1 2 0 0 0 0 0 0 0 0 0 0 0 0 0 0 0 0 0 0 0 3 4 12 0 0 0 
0 0 7 3 2 8 2 0 0 0 0 0 0 0 0 0 0 0 0 0 0 0 0 0 0 3 0 0 0 0 0 0 0 0 0 0 0 0 0 0 0 0 0 0 0 1 3 2 15 2 3 1 2 1 3 4 0 0 0 0 0 0 0 0 0 0 0 0 0 0 0 2 2 1 3 2 3 2 2 2 2 1 2 3 1 3 1 2 5 0 0 0 0 0 0 0 0 0 0 0 0 0 0 2 1 3 2 3 1 3 2 1 3 1 1 4 2 3 1 2 4 2 4 0 0 0 0 0 0 0 0 0 0 0 0 0 2 2 2 0 0 0 0 0 2 1 3 19 0 0 0 0 0 0 0 0 0 0 0 0 0 0 0 0 0 0 2 1 0 0 0 0 0 0 0 0 0 0 0 0 0 0 0 0 0 0 0 3 4 11 0 0 0 
0 0 7 3 0 11 0 0 0 0 0 0 0 0 0 0 0 0 0 0 0 0 0 0 0 3 0 0 0 0 0 0 0 0 0 0 0 0 0 0 0 0 0 0 0 2 3 1 15 1 3 2 1 2 3 5 0 0 0 0 0 0 0 0 0 0 0 0 0 0 3 7 5 5 3 1 1 3 2 1 4 2 1 3 2 3 2 1 5 0 0 0 0 0 0 0 0 0 0 0 0 0 0 2 2 3 2 3 2 3 2 6 3 2 2 2 1 3 2 1 3 2 6 0 0 0 0 0 0 0 0 0 0 0 0 0 1 1 4 0 0 0 0 0 2 2 4 20 0 0 0 0 0 0 0 0 0 0 0 0 0 0 0 0 0 0 1 2 0 0 0 0 0 0 0 0 0 0 0 0 0 0 0 0 0 0 0 4 3 12 0 0 0 
0 0 7 2 0 8 4 0 0 0 2 0 1 1 2 0 2 1 1 0 1 1 1 1 1 1 1 1 2 1 1 1 1 2 1 1 1 1 2 1 1 0 2 1 0 1 3 2 15 2 2 2 2 1 3 4 0 0 0 0 0 0 0 0 0 0 0 0 0 0 16 14 14 13 3 2 2 3 1 2 3 1 2 3 1 3 2 2 4 0 0 0 0 0 0 0 0 0 0 0 0 0 0 1 2 11 12 13 11 12 13 21 3 2 1 4 2 3 2 2 3 1 4 0 0 0 0 0 0 0 0 0 0 0 0 0 2 2 3 0 0 0 0 0 12 1 3 20 0 0 0 0 0 0 0 0 0 0 0 0 0 0 0 0 0 0 2 2 0 0 0 0 0 0 0 0 0 0 0 0 0 0 0 0 0 0 0 3 3 12 0 0 0 
0 0 7 4 0 9 1 1 0 0 0 0 0 0 1 1 0 0 0 1 0 0 0 0 0 3 0 0 0 0 0 0 0 0 1 1 1 0 0 1 0 1 0 1 0 2 3 1 15 1 3 2 1 2 3 5 0 1 1 1 1 0 1 1 0 1 1 0 0 0 15 13 14 12 3 1 1 3 2 1 3 2 1 3 2 3 1 2 5 0 0 0 0 0 0 0 0 0 0 0 0 0 0 2 1 9 11 14 11 10 15 20 3 1 2 3 1 3 1 2 3 2 5 0 0 0 0 0 0 0 0 0 0 0 0 0 2 1 3 0 0 0 0 0 11 2 3 18 0 0 0 0 0 0 1 0 0 0 0 0 0 0 0 0 0 0 1 2 0 0 0 0 0 0 0 0 0 0 0 0 0 0 0 0 0 0 0 3 4 11 0 0 0 
0 0 6 2 0 11 0 0 0 0 0 0 0 0 0 2 0 0 0 0 0 0 0 0 0 2 0 0 0 0 0 0 0 0 0 2 0 0 0 0 0 0 0 0 0 1 3 2 16 2 1 3 2 1 3 4 1 1 0 2 1 1 1 3 1 1 2 1 1 4 12 16 13 13 3 2 2 3 1 2 3 1 2 3 1 3 2 1 4 2 3 1 1 2 1 3 1 2 3 1 2 3 0 1 2 10 11 13 12 12 12 20 3 2 1 3 2 4 2 1 3 1 5 2 2 1 2 1 2 1 1 2 2 1 1 1 1 2 4 0 0 0 0 0 11 2 4 13 2 1 0 2 1 3 2 2 2 2 2 3 2 2 1 2 2 3 1 3 3 1 3 3 1 2 3 2 2 4 2 2 3 2 3 2 2 3 14 4 3 11 0 0 0 
0 0 11 4 0 12 0 0 0 0 0 0 0 0 0 1 0 0 0 0 0 0 0 0 0 3 0 0 0 0 0 0 0 0 0 1 0 0 0 0 0 0 0 0 0 2 3 2 14 1 2 3 1 2 3 5 0 0 0 0 0 0 0 1 0 0 0 0 0 0 15 15 13 10 3 1 1 3 2 1 3 2 1 4 2 3 1 2 5 0 0 0 0 0 0 2 0 0 0 0 0 0 0 2 1 7 13 12 11 12 12 24 2 3 2 3 2 3 1 2 3 2 4 1 0 0 0 1 1 1 1 1 0 1 1 0 2 2 2 0 0 0 0 0 11 1 3 18 0 0 0 0 0 0 0 0 0 1 0 0 0 0 0 0 0 0 0 4 0 0 0 0 0 0 0 0 2 1 0 0 0 0 0 0 0 0 22 3 3 13 0 0 0 
0 0 10 2 0 12 0 0 0 0 0 0 0 0 0 2 0 0 0 0 0 0 0 0 0 1 0 0 0 0 0 0 0 0 0 2 0 0 0 0 0 0 0 0 0 1 3 1 17 2 1 3 2 1 3 5 0 0 0 0 0 0 0 2 0 0 0 0 0 0 16 13 11 12 3 2 2 4 1 2 3 1 2 2 1 3 2 1 4 0 0 0 0 0 0 1 0 0 0 0 0 0 0 1 2 6 10 13 12 11 13 21 1 4 2 3 1 3 2 1 4 2 5 1 0 0 0 0 0 2 0 0 0 0 0 0 1 1 4 0 0 0 0 0 11 2 3 19 0 0 0 0 0 0 0 0 0 2 0 0 0 0 0 0 0 0 0 3 0 0 0 0 0 0 0 0 1 2 0 0 0 0 0 0 0 0 22 3 4 11 0 0 0 
0 0 9 2 1 11 0 0 0 0 0 0 0 0 0 1 0 0 0 0 0 0 0 0 1 2 0 0 0 0 0 0 0 0 0 1 0 0 0 0 0 0 0 0 0 2 3 2 13 1 2 3 1 2 3 4 0 0 0 0 0 0 0 1 0 0 0 0 0 0 17 13 13 12 3 1 1 2 2 1 3 2 2 4 2 1 3 2 5 0 0 0 0 0 0 4 0 0 0 0 0 0 0 2 1 7 11 13 11 11 14 19 2 3 1 4 2 3 2 2 3 1 5 3 0 0 0 0 0 1 0 0 0 0 0 0 2 2 3 0 0 0 0 0 9 2 4 21 0 0 0 0 0 0 0 0 0 2 0 0 0 0 0 0 0 0 0 3 1 0 1 1 0 0 0 1 2 3 1 1 0 1 0 0 0 0 24 4 3 9 0 0 0 
0 0 9 1 2 7 3 0 2 1 1 2 1 1 2 2 1 2 1 1 1 2 1 3 1 2 1 1 2 2 2 2 2 1 2 1 2 2 1 2 1 2 1 1 1 1 3 1 17 2 1 3 2 1 3 3 2 3 2 1 3 1 2 4 1 1 2 2 2 8 15 13 11 13 3 2 2 4 1 2 3 2 1 3 2 3 2 1 4 2 2 1 1 3 2 2 2 1 2 1 1 1 1 2 2 6 11 13 12 11 12 21 1 3 2 3 1 2 2 1 3 2 5 2 2 2 1 2 3 2 1 1 0 1 1 0 2 1 3 0 0 0 0 0 8 1 3 18 0 0 1 1 2 1 0 1 1 3 1 2 0 1 1 2 2 0 2 4 3 3 2 2 4 2 3 3 2 3 3 1 4 3 1 4 3 1 24 3 3 12 0 0 0 
0 0 7 2 1 2 2 0 2 2 2 1 1 2 1 2 1 1 1 1 2 2 1 2 2 2 1 2 1 2 1 3 1 2 1 2 3 1 2 1 2 3 2 2 1 2 3 2 13 1 2 3 1 2 3 1 2 1 2 2 1 4 1 1 1 3 2 3 1 11 12 14 11 14 3 1 2 3 2 1 3 1 2 3 1 1 3 2 1 3 2 1 4 1 2 2 2 3 2 1 4 2 3 1 1 7 13 13 10 13 12 21 2 3 1 3 2 2 3 2 3 1 3 2 3 2 4 2 2 3 2 2 3 1 4 2 2 2 4 0 0 0 0 0 7 2 3 11 1 2 2 2 4 2 3 2 2 4 3 2 3 2 3 3 2 4 1 3 4 3 3 4 2 3 3 4 2 3 2 3 2 4 3 3 3 3 25 3 4 10 0 0 0 
0 0 6 1 2 1 3 0 3 2 1 2 1 1 1 1 2 2 2 2 1 1 2 4 1 1 2 1 2 1 2 3 2 1 2 1 3 2 1 2 1 4 1 1 2 1 3 1 17 2 1 3 2 1 3 2 1 2 4 1 2 2 2 2 2 3 1 3 2 4 3 5 5 5 3 2 1 3 1 2 3 2 1 3 2 2 4 1 2 4 1 2 2 2 4 1 1 3 1 2 3 1 3 2 2 3 4 7 6 4 8 7 1 3 2 3 1 2 3 2 3 2 3 1 3 1 2 3 2 3 1 2 4 2 3 2 3 2 3 0 0 0 0 0 2 2 3 2 4 2 3 2 2 2 4 2 3 3 1 4 2 4 3 2 3 3 2 3 1 3 4 1 3 2 4 4 3 2 4 2 3 3 3 1 3 4 16 3 2 8 0 0 0 
0 0 7 3 1 2 3 0 1 3 2 1 2 1 2 2 1 1 1 1 2 2 1 2 0 4 1 2 1 2 1 3 1 2 1 2 3 1 2 1 2 2 2 2 1 2 3 2 13 1 2 3 1 2 3 1 2 1 2 2 1 4 1 1 1 3 2 3 1 2 1 3 2 1 3 1 2 3 2 2 3 1 2 3 1 2 2 2 2 2 2 1 4 1 3 2 2 3 2 1 3 2 3 1 2 4 2 3 1 2 3 1 2 3 1 3 2 2 3 1 3 1 3 2 4 2 1 3 2 3 2 2 2 1 3 2 3 1 3 0 0 0 0 0 2 1 3 1 3 2 3 2 4 1 3 3 3 3 2 3 1 4 3 1 4 3 2 4 2 3 2 2 4 2 3 3 4 1 3 2 4 3 4 2 4 3 2 4 4 12 0 0 0 
10 25 26 5 1 2 2 0 3 3 0 3 2 2 2 1 3 1 2 2 2 1 2 1 3 1 3 0 3 0 3 2 3 1 3 1 2 3 2 3 1 3 2 3 1 3 3 2 12 5 7 4 2 1 3 2 1 3 4 1 2 2 3 2 2 3 2 4 3 1 2 4 1 2 3 3 1 3 1 1 4 2 1 3 2 1 4 1 1 4 1 2 3 2 3 1 1 3 1 2 3 1 4 2 1 3 2 3 2 1 3 2 2 3 2 3 2 1 3 2 4 2 3 1 3 1 2 4 1 3 2 1 4 2 3 1 4 2 3 0 0 0 0 0 1 2 4 2 3 1 4 1 3 2 3 1 3 4 2 3 2 2 4 2 3 4 1 3 2 3 4 2 3 1 3 3 3 2 3 1 3 4 3 2 3 3 2 3 4 10 0 0 0 
13 1 1 0 2 1 1 2 1 2 1 3 1 0 2 2 1 2 1 2 1 2 3 1 2 2 2 2 2 2 2 1 2 1 2 2 2 1 2 2 2 2 2 2 2 2 1 3 1 2 12 2 1 2 2 3 2 2 1 2 1 3 2 1 3 2 1 2 2 1 2 4 1 3 2 2 1 4 1 3 3 1 2 3 2 1 3 1 3 3 2 3 2 2 2 2 4 2 3 3 3 1 3 1 4 2 2 2 2 4 2 2 4 2 2 4 1 4 2 2 2 3 3 3 2 3 2 2 3 2 3 3 1 4 3 3 2 2 4 1 2 0 0 0 2 1 3 2 4 2 3 2 3 2 4 2 3 3 1 4 1 4 3 2 3 3 2 3 1 4 4 1 3 2 4 3 3 2 4 2 3 3 3 1 3 4 1 3 3 8 0 0 0 
0 1 1 2 1 2 1 2 1 1 1 2 1 2 1 1 1 2 2 1 2 1 1 2 2 1 1 2 1 2 1 2 2 2 0 2 2 2 2 1 2 2 2 1 2 2 2 2 1 9 10 2 2 2 2 1 2 3 2 2 2 2 2 2 2 1 2 2 3 1 2 1 2 3 2 2 2 1 2 3 1 2 3 1 3 2 2 2 3 1 2 3 2 2 2 1 2 2 1 3 1 3 2 2 2 1 2 3 1 2 2 2 1 2 3 1 3 2 2 4 1 2 2 3 2 3 2 2 2 3 2 3 2 2 1 3 2 2 2 2 1 0 0 1 2 2 3 1 3 2 3 2 4 1 3 2 4 3 2 3 2 4 2 2 4 3 2 4 2 3 2 2 3 2 3 3 4 1 3 2 4 3 2 4 4 3 2 4 3 11 0 0 0 
0 1 1 1 1 0 2 1 1 2 2 1 2 2 1 2 2 1 2 0 2 2 1 1 1 1 2 2 2 1 2 1 2 1 2 1 2 1 1 3 1 1 2 2 2 2 1 1 6 9 2 1 2 2 1 3 1 1 2 2 2 3 1 1 2 3 2 1 2 2 2 2 1 1 2 2 3 2 2 2 2 2 1 3 1 2 2 2 2 2 2 2 2 2 2 3 2 3 2 2 2 1 3 2 2 3 2 2 2 2 2 3 3 2 2 2 2 2 1 1 4 1 2 3 2 2 2 2 2 3 1 2 2 3 2 2 3 2 3 2 0 0 0 0 3 2 4 3 2 1 4 1 3 2 3 1 3 3 2 3 2 2 2 4 3 4 1 3 2 3 4 2 4 1 3 4 3 2 3 1 3 4 3 2 3 3 2 3 4 9 0 0 0 
0 0 0 2 2 1 1 1 2 2 1 2 2 1 2 1 1 2 1 2 2 1 2 2 1 2 2 1 2 0 2 2 2 1 2 1 2 2 2 1 1 3 1 2 1 2 4 7 11 1 2 2 2 1 2 2 2 2 2 2 2 2 2 3 1 2 1 2 2 1 2 3 2 2 2 2 1 2 2 2 2 2 2 2 2 2 2 2 2 3 2 1 2 3 1 1 3 1 3 1 2 3 2 2 1 2 2 2 3 2 1 2 2 2 2 2 3 2 4 1 2 2 2 2 2 2 2 2 3 1 3 3 1 2 2 3 1 2 2 1 0 0 0 0 3 1 3 2 4 2 3 2 3 2 4 2 3 3 2 4 1 4 2 3 3 2 3 3 1 4 4 1 3 2 3 3 3 2 4 2 3 3 3 1 3 4 1 4 3 10 0 0 0 
0 0 0 0 1 2 2 1 1 1 2 1 2 1 3 1 2 2 1 2 1 2 1 2 2 2 2 2 1 2 2 2 2 1 2 1 2 1 3 1 2 1 2 3 1 1 8 7 2 2 2 1 2 2 2 2 2 1 2 2 2 1 2 1 2 2 2 2 2 2 1 2 2 1 1 2 2 2 2 2 1 2 2 2 2 2 2 2 2 1 2 2 2 2 2 2 3 2 2 2 1 3 2 2 2 2 2 2 2 2 3 3 2 2 2 2 1 2 2 2 2 2 3 2 3 2 2 2 2 2 2 2 3 2 2 2 3 2 3 0 0 0 0 0 4 2 3 1 3 2 3 2 4 1 3 2 3 2 3 3 2 3 1 3 4 2 3 4 2 3 2 2 3 2 4 3 4 1 3 2 4 3 3 3 4 3 2 3 3 11 0 0 0 
0 0 0 0 2 1 1 2 2 1 1 1 1 2 3 1 2 1 2 1 2 1 3 2 1 2 1 1 2 1 3 2 1 2 1 2 1 3 2 1 2 2 1 3 1 2 12 2 2 1 3 2 1 2 3 1 2 4 1 2 1 2 3 2 3 1 2 1 3 2 1 3 2 3 3 1 2 2 1 2 4 1 2 3 1 2 3 1 2 4 1 2 3 1 2 3 1 3 1 2 3 2 3 1 2 3 1 2 3 1 2 2 1 3 2 3 2 3 2 1 3 2 1 3 2 3 2 3 1 2 4 1 3 2 3 1 2 2 1 0 0 0 0 0 2 2 4 2 3 1 3 1 3 2 3 1 4 1 4 3 2 3 2 3 3 2 3 3 2 3 3 3 4 1 3 4 3 2 3 1 3 4 2 3 3 3 2 3 4 8 0 0 0 
0 0 0 0 1 1 2 1 1 1 1 1 2 0 2 1 0 1 0 1 1 1 1 1 1 0 1 2 0 1 1 1 0 0 1 0 1 1 0 1 0 0 1 2 2 1 8 4 1 1 2 1 1 1 2 2 1 2 2 1 1 3 1 2 2 2 1 2 2 1 2 3 1 2 2 1 1 3 1 1 2 2 1 3 2 2 2 2 1 2 2 3 1 2 3 1 2 3 2 1 3 1 3 2 1 3 2 1 3 2 4 1 2 3 1 3 1 3 2 2 3 1 2 3 1 3 1 3 2 2 2 2 3 1 3 2 4 1 2 0 0 0 0 0 4 1 3 2 3 2 4 2 3 2 3 2 3 2 2 4 1 4 2 4 3 1 4 3 1 4 2 3 3 2 3 3 3 2 4 2 3 3 1 3 3 4 1 3 3 11 0 0 0 
0 0 0 0 0 0 0 0 0 0 0 0 0 0 0 0 0 0 0 0 0 0 0 0 1 0 0 0 0 0 0 0 0 0 0 0 0 0 0 0 0 0 0 0 0 0 0 0 0 0 0 0 0 0 0 0 0 0 0 0 0 1 0 0 0 0 0 0 0 0 0 0 2 0 0 0 0 0 0 0 0 0 0 0 0 0 0 0 1 0 0 0 1 1 0 0 0 0 0 1 0 1 1 0 0 1 1 0 0 0 0 1 0 0 1 1 0 0 0 0 1 1 1 0 0 0 1 0 0 1 0 0 0 1 1 0 0 1 0 0 0 0 0 0 3 2 3 1 4 1 3 2 4 1 3 2 3 2 4 2 2 3 1 3 3 2 3 4 2 3 1 3 3 2 4 3 4 1 3 2 4 3 2 4 4 3 2 4 3 11 0 0 0 
0 0 0 0 0 0 0 0 0 0 0 0 0 0 0 0 0 0 0 0 0 0 0 0 0 0 0 0 0 0 0 0 0 0 0 0 0 0 0 0 0 0 0 0 0 0 0 0 0 0 0 0 0 0 0 0 0 0 0 0 0 0 0 0 0 0 0 0 0 0 0 0 0 1 0 0 0 0 0 0 0 0 0 0 0 0 0 0 0 0 0 0 0 0 0 0 0 0 0 0 0 0 0 0 0 0 0 0 0 0 0 0 0 0 0 0 0 0 0 0 0 0 0 0 0 0 0 0 0 0 0 0 0 0 0 0 0 0 0 0 0 0 0 0 3 2 3 2 3 2 3 1 2 2 4 1 4 1 4 4 2 3 2 3 4 1 3 3 2 3 2 4 4 1 3 4 2 2 3 1 3 4 2 3 3 3 2 3 4 8 0 0 0 
0 0 0 0 0 0 0 0 0 0 0 0 0 0 0 0 0 0 0 0 0 0 0 0 0 0 0 0 0 0 0 0 0 0 0 0 0 0 0 0 0 0 0 0 0 0 0 0 0 0 0 0 0 0 0 0 0 0 0 0 0 0 0 0 0 0 0 0 0 0 0 0 0 0 0 0 0 0 0 0 0 0 0 0 0 0 0 0 0 0 0 0 0 0 0 0 0 0 0 0 0 0 0 0 0 0 0 0 0 0 0 0 0 0 0 0 0 0 0 0 0 0 0 0 0 0 0 0 0 0 0 0 0 0 0 0 0 0 0 0 0 0 0 0 4 1 3 1 3 2 3 2 4 1 3 2 3 2 2 4 1 4 2 4 2 3 4 3 1 4 1 3 3 2 3 3 4 2 4 2 3 3 1 3 3 4 1 3 3 11 0 0 0 
0 0 0 0 0 0 0 0 0 0 0 0 0 0 0 0 0 0 0 0 0 0 0 0 0 0 0 0 0 0 0 0 0 0 0 0 0 0 0 0 0 0 0 0 0 0 0 0 0 0 0 0 0 0 0 0 0 0 0 0 0 0 0 0 0 0 0 0 0 0 0 0 0 0 0 0 0 0 0 0 0 0 0 0 0 0 0 0 0 0 0 0 0 0 0 0 0 0 0 0 0 0 0 0 0 0 0 0 0 0 0 0 0 0 0 0 0 0 0 0 0 0 0 0 0 0 0 0 0 0 0 0 0 0 0 0 0 0 0 0 0 0 0 0 3 2 4 2 3 2 3 2 2 2 3 2 2 3 3 2 2 3 2 2 2 3 3 4 2 3 2 3 3 2 3 3 3 2 2 2 4 3 2 3 4 2 2 4 3 11 0 0 0 
0 0 0 0 0 0 0 0 0 0 0 0 0 0 0 0 0 0 0 0 0 0 0 0 0 0 0 0 0 0 0 0 0 0 0 0 0 0 0 0 0 0 0 0 0 0 0 0 0 0 0 0 0 0 0 0 0 0 0 0 0 0 0 0 0 0 0 0 0 0 0 0 0 0 0 0 0 0 0 0 0 0 0 0 0 0 0 0 0 0 0 0 0 0 0 0 0 0 0 0 0 0 0 0 0 0 0 0 0 0 0 0 0 0 0 0 0 0 0 0 0 0 0 0 0 0 0 0 0 0 0 0 0 0 0 0 0 0 0 0 0 0 0 0 3 1 5 7 0 0 0 1 1 1 0 1 1 0 1 1 1 0 1 1 1 1 0 2 0 1 2 0 1 1 2 1 0 1 2 1 0 2 2 0 1 2 1 3 4 8 0 0 0 
0 0 0 0 0 0 0 0 0 0 0 0 0 0 0 0 0 0 0 0 0 0 0 0 0 0 0 0 0 0 0 0 0 0 0 0 0 0 0 0 0 0 0 0 0 0 0 0 0 0 0 0 0 0 0 0 0 0 0 0 0 0 0 0 0 0 0 0 0 0 0 0 0 0 0 0 0 0 0 0 0 0 0 0 0 0 0 0 0 0 0 0 0 0 0 0 0 0 0 0 0 0 0 0 0 0 0 0 0 0 0 0 0 0 0 0 0 0 0 0 0 0 0 0 0 0 0 0 0 0 0 0 0 0 0 0 0 0 0 0 0 0 0 0 4 2 6 12 0 0 0 0 0 0 0 0 0 0 0 0 0 0 0 0 0 0 0 1 0 0 0 0 0 0 0 0 0 0 0 0 0 0 0 0 0 0 2 3 2 11 0 0 0 
0 0 0 0 0 0 0 0 0 0 0 0 0 0 0 0 0 0 0 0 0 0 0 0 0 0 0 0 0 0 0 0 0 0 0 0 0 0 0 0 0 0 0 0 0 0 0 0 0 0 0 0 0 0 0 0 0 0 0 0 0 0 0 0 0 0 0 0 0 0 0 0 0 0 0 0 0 0 0 0 0 0 0 0 0 0 0 0 0 0 0 0 0 0 0 0 0 0 0 0 0 0 0 0 0 0 0 0 0 0 0 0 0 0 0 0 0 0 0 0 0 0 0 0 0 0 0 0 0 0 0 0 0 0 0 0 0 0 0 0 0 0 0 0 3 2 6 15 0 0 0 0 0 0 0 0 0 0 0 0 0 0 0 0 0 0 0 2 0 0 0 0 0 0 0 0 0 0 0 0 0 0 0 0 0 0 2 4 4 10 0 0 0 
0 0 0 0 0 0 0 0 0 0 0 0 0 0 0 0 0 0 0 0 0 0 0 0 0 0 0 0 0 0 0 0 0 0 0 0 0 0 0 0 0 0 0 0 0 0 0 0 0 0 0 0 0 0 0 0 0 0 0 0 0 0 0 0 0 0 0 0 0 0 0 0 0 0 0 0 0 0 0 0 0 0 0 0 0 0 0 0 0 0 0 0 0 0 0 0 0 0 0 0 0 0 0 0 0 0 0 0 0 0 0 0 0 0 0 0 0 0 0 0 0 0 0 0 0 0 0 0 0 0 0 0 0 0 0 0 0 0 0 0 0 0 0 0 3 1 6 14 0 0 0 0 0 0 0 0 0 0 0 0 0 0 0 0 0 0 0 1 0 0 0 0 0 0 0 0 0 0 0 0 0 0 0 0 0 0 2 3 3 9 0 0 0 
0 0 0 0 0 0 0 0 0 0 0 0 0 0 0 0 0 0 0 0 0 0 0 0 0 0 0 0 0 0 0 0 0 0 0 0 0 0 0 0 0 0 0 0 0 0 0 0 0 0 0 0 0 0 0 0 0 0 0 0 0 0 0 0 0 0 0 0 0 0 0 0 0 0 0 0 0 0 0 0 0 0 0 0 0 0 0 0 0 0 0 0 0 0 0 0 0 0 0 0 0 0 0 0 0 0 0 0 0 0 0 0 0 0 0 0 0 0 0 0 0 0 0 0 0 0 0 0 0 0 0 0 0 0 0 0 0 0 0 0 0 0 0 0 4 2 4 13 0 0 0 0 0 0 0 0 0 0 0 0 0 0 0 0 0 0 0 2 0 0 0 0 0 0 0 0 0 0 0 0 0 0 0 0 0 0 1 3 1 13 0 0 0 
0 0 0 0 0 0 0 0 0 0 0 0 0 0 0 0 0 0 0 0 0 0 0 0 0 0 0 0 0 0 0 0 0 0 0 0 0 0 0 0 0 0 0 0 0 0 0 0 0 0 0 0 0 0 0 0 0 0 0 0 0 0 0 0 0 0 0 0 0 0 0 0 0 0 0 0 0 0 0 0 0 0 0 0 0 0 0 0 0 0 0 0 0 0 0 0 0 0 0 0 0 0 0 0 0 0 0 0 0 0 0 0 0 0 0 0 0 0 0 0 0 0 0 0 0 0 0 0 0 0 0 0 0 0 0 0 0 0 0 0 0 0 0 0 2 2 10 11 0 0 0 0 0 0 0 0 0 0 0 0 0 0 0 0 0 0 0 2 0 0 0 0 0 0 0 0 0 0 0 0 0 0 0 0 0 0 2 4 2 10 0 0 0 
0 0 0 0 0 0 0 0 0 0 0 0 0 0 0 0 0 0 0 0 0 0 0 0 0 0 0 0 0 0 0 0 0 0 0 0 0 0 0 0 0 0 0 0 0 0 0 0 0 0 0 0 0 0 0 0 0 0 0 0 0 0 0 0 0 0 0 0 0 0 0 0 0 0 0 0 0 0 0 0 0 0 0 0 0 0 0 0 0 0 0 0 0 0 0 0 0 0 0 0 0 0 0 0 0 0 0 0 0 0 0 0 0 0 0 0 0 0 0 0 0 0 0 0 0 0 0 0 0 0 0 0 0 0 0 0 0 0 0 0 0 0 0 0 4 1 8 11 0 0 0 0 0 0 0 0 0 0 0 0 0 0 0 0 0 0 2 1 0 0 0 0 0 0 0 0 0 0 0 0 0 0 0 0 0 0 1 3 2 11 0 0 0 
0 0 0 0 0 0 0 0 0 0 0 0 0 0 0 0 0 0 0 0 0 0 0 0 0 0 0 0 0 0 0 0 0 0 0 0 0 0 0 0 0 0 0 0 0 0 0 0 0 0 0 0 0 0 0 0 0 0 0 0 0 0 0 0 0 0 0 0 0 0 0 0 0 0 0 0 0 0 0 0 0 0 0 0 0 0 0 0 0 0 0 0 0 0 0 0 0 0 0 0 0 0 0 0 0 0 0 0 0 0 0 0 0 0 0 0 0 0 0 0 0 0 0 0 0 0 0 0 0 0 0 0 0 0 0 0 0 0 0 0 0 0 0 0 3 2 11 8 0 0 0 0 0 0 0 0 0 0 0 0 0 0 0 0 0 0 2 2 0 0 0 0 0 0 0 0 0 0 0 0 0 0 0 0 0 0 2 3 1 10 0 0 0 
0 0 0 0 0 0 0 0 0 0 0 0 0 0 0 0 0 0 0 0 0 0 0 0 0 0 0 0 0 0 0 0 0 0 0 0 0 0 0 0 0 0 0 0 0 0 0 0 0 0 0 0 0 0 0 0 0 0 0 0 0 0 0 0 0 0 0 0 0 0 0 0 0 0 0 0 0 0 0 0 0 0 0 0 0 0 0 0 0 0 0 0 0 0 0 0 0 0 0 0 0 0 0 0 0 0 0 0 0 0 0 0 0 0 0 0 0 0 0 0 0 0 0 0 0 0 0 0 0 0 0 0 0 0 0 0 0 0 0 0 0 0 0 0 3 2 10 9 0 0 0 0 0 0 0 0 0 0 0 0 0 0 0 0 0 0 1 2 0 0 0 0 0 0 0 0 0 0 0 0 0 0 0 0 0 0 2 4 2 10 0 0 0 
0 0 0 0 0 0 0 0 0 0 0 0 0 0 0 0 0 0 0 0 0 0 0 0 0 0 0 0 0 0 0 0 0 0 0 0 0 0 0 0 0 0 0 0 0 0 0 0 0 0 0 0 0 0 0 0 0 0 0 0 0 0 0 0 0 0 0 0 0 0 0 0 0 0 0 0 0 0 0 0 0 0 0 0 0 0 0 0 0 0 0 0 0 0 0 0 0 0 0 0 0 0 0 0 0 0 0 0 0 0 0 0 0 0 0 0 0 0 0 0 0 0 0 0 0 0 0 0 0 0 0 0 0 0 0 0 0 0 0 0 0 0 0 0 4 1 12 5 0 1 0 1 1 1 0 1 2 0 0 2 1 0 1 1 1 1 2 1 1 1 2 0 1 1 1 2 0 1 1 1 0 2 1 0 1 0 1 3 2 11 0 0 0 
0 0 0 0 0 0 0 0 0 0 0 0 0 0 0 0 0 0 0 0 0 0 0 0 0 0 0 0 0 0 0 0 0 0 0 0 0 0 0 0 0 0 0 0 0 0 0 0 0 0 0 0 0 0 0 0 0 0 0 0 0 0 0 0 0 0 0 0 0 0 0 0 0 0 0 0 0 0 0 0 0 0 0 0 0 0 0 0 0 0 0 0 0 0 0 0 0 0 0 0 0 0 0 0 0 0 0 0 0 0 0 0 0 0 0 0 0 0 0 0 0 0 0 0 0 0 0 0 0 0 0 0 0 0 0 0 0 0 0 0 0 0 0 0 3 2 7 8 1 1 1 0 2 2 1 2 0 3 1 1 2 1 1 0 2 2 2 3 0 2 1 1 2 2 2 1 3 1 2 2 1 2 3 2 2 3 2 3 1 12 0 0 0 
0 0 0 0 0 0 0 0 0 0 0 0 0 0 0 0 0 0 0 0 0 0 0 0 0 0 0 0 0 0 0 0 0 0 0 0 0 0 0 0 0 0 0 0 0 0 0 0 0 0 0 0 0 0 0 0 0 0 0 0 0 0 0 0 0 0 0 0 0 0 0 0 0 0 0 0 0 0 0 0 0 0 0 0 0 0 0 0 0 0 0 0 0 0 0 0 0 0 0 0 0 0 0 0 0 0 0 0 0 0 0 0 0 0 0 0 0 0 0 0 0 0 0 0 0 0 0 0 0 0 0 0 0 0 0 0 0 0 0 0 0 0 0 0 5 1 10 8 0 0 0 0 0 0 0 0 0 1 0 0 0 0 0 0 0 0 1 2 0 0 0 0 0 0 0 0 1 0 0 0 1 1 0 0 0 1 2 4 2 11 0 0 0 
0 0 0 0 0 0 0 0 0 0 0 0 0 0 0 0 0 0 0 0 0 0 0 0 0 0 0 0 0 0 0 0 0 0 0 0 0 0 0 0 0 0 0 0 0 0 0 0 0 0 0 0 0 0 0 0 0 0 0 0 0 0 0 0 0 0 0 0 0 0 0 0 0 0 0 0 0 0 0 0 0 0 0 0 0 0 0 0 0 0 0 0 0 0 0 0 0 0 0 0 0 0 0 0 0 0 0 0 0 0 0 0 0 0 0 0 0 0 0 0 0 0 0 0 0 0 0 0 0 0 0 0 0 0 0 0 0 0 0 0 0 0 0 0 24 2 13 4 0 0 0 0 0 0 0 0 0 2 0 0 0 0 0 0 0 0 2 1 0 0 0 0 0 0 0 0 2 0 0 0 0 0 0 0 0 0 1 3 2 10 0 0 0 
0 0 0 0 0 0 0 0 0 0 0 0 0 0 0 0 0 0 0 0 0 0 0 0 0 0 0 0 0 0 0 0 0 0 0 0 0 0 0 0 0 0 0 0 0 0 0 0 0 0 0 0 0 0 0 0 0 0 0 0 0 0 0 0 0 0 0 0 0 0 0 0 0 0 0 0 0 0 0 0 0 0 0 0 0 0 0 0 0 0 0 0 0 0 0 0 0 0 0 0 0 0 0 0 0 0 0 0 0 0 0 0 0 0 0 0 0 0 0 0 0 0 0 0 0 0 0 0 0 0 0 0 0 0 0 0 0 0 0 0 0 0 0 0 41 2 11 7 0 0 0 0 0 0 0 0 0 2 0 0 0 0 0 0 0 0 2 2 0 0 0 0 0 0 0 0 2 0 0 0 0 0 0 0 0 0 2 3 1 10 0 0 0 
0 0 0 0 0 0 0 0 0 0 0 0 0 0 0 0 0 0 0 0 0 0 0 0 0 0 0 0 0 0 0 0 0 0 0 0 0 0 0 0 0 0 0 0 0 0 0 0 0 0 0 0 0 0 0 0 0 0 0 0 0 0 0 0 0 0 0 0 0 0 0 0 0 0 0 0 0 0 0 0 0 0 0 0 0 0 0 0 0 0 0 0 0 0 0 0 0 0 0 0 0 0 0 0 0 0 0 0 0 0 0 0 0 0 0 0 0 0 0 0 0 0 0 0 0 0 0 0 0 0 0 0 0 0 0 0 0 0 0 0 0 0 0 6 55 1 11 5 0 0 0 0 0 0 0 0 0 2 0 0 0 0 0 0 0 0 1 2 0 0 0 1 0 0 0 0 2 2 0 1 0 1 1 1 1 0 2 4 2 9 0 0 0 
0 0 0 0 0 0 0 0 0 0 0 0 0 0 0 0 0 0 0 0 0 0 0 0 0 0 0 0 0 0 0 0 0 0 0 0 0 0 0 0 0 0 0 0 0 0 0 0 0 0 0 0 0 0 0 0 0 0 0 0 0 0 0 0 0 0 0 0 0 0 0 0 0 0 0 0 0 0 0 0 0 0 0 0 0 0 0 0 0 0 0 0 0 0 0 0 0 0 0 0 0 0 0 0 0 0 0 0 0 0 0 0 0 0 0 0 0 0 0 0 0 0 0 0 0 0 0 0 0 0 0 0 0 0 0 0 0 0 0 0 0 0 0 17 49 2 11 9 2 1 3 1 3 2 2 3 3 3 3 2 3 3 3 2 1 3 3 3 1 3 3 2 3 3 4 3 3 2 4 3 3 4 4 2 3 4 1 3 2 11 0 0 0 
0 0 0 0 0 0 0 0 0 0 0 0 0 0 0 0 0 0 0 0 0 0 0 0 0 0 0 0 0 0 0 0 0 0 0 0 0 0 0 0 0 0 0 0 0 0 0 0 0 0 0 0 0 0 0 0 0 0 0 0 0 0 0 0 0 0 0 0 0 0 0 0 0 0 0 0 0 0 0 0 0 0 0 0 0 0 0 0 0 0 0 0 0 0 0 0 0 0 0 0 0 0 0 0 0 0 0 0 0 0 0 0 0 0 0 0 0 0 0 0 0 0 0 0 0 0 0 0 0 0 0 0 0 0 0 0 0 0 0 0 0 0 0 19 48 2 4 4 2 2 3 1 3 2 3 1 3 2 4 1 3 3 1 3 2 3 1 4 4 3 1 3 2 4 3 1 4 3 3 2 3 2 2 4 3 2 4 3 1 9 0 0 0 
0 0 0 0 0 0 0 0 0 0 0 0 0 0 0 0 0 0 0 0 0 0 0 0 0 0 0 0 0 0 0 0 0 0 0 0 0 0 0 0 0 0 0 0 0 0 0 0 0 0 0 0 0 0 0 0 0 0 0 0 0 0 0 0 0 0 0 0 0 0 0 0 0 0 0 0 0 0 0 0 0 0 0 0 0 0 0 0 0 0 0 0 0 0 0 0 0 0 0 0 0 0 0 0 0 0 0 0 0 0 0 0 0 0 0 0 0 0 0 0 0 0 0 0 0 0 0 0 0 0 0 0 0 0 0 0 0 0 0 0 0 0 0 28 41 1 2 3 2 3 4 2 3 2 4 2 3 1 3 2 4 3 2 3 2 3 2 3 3 3 2 4 1 3 3 2 3 3 3 2 3 2 3 3 3 1 3 4 2 9 0 0 0 
0 0 0 0 0 0 0 0 0 0 0 0 0 0 0 0 0 0 0 0 0 0 0 0 0 0 0 0 0 0 0 0 0 0 0 0 0 0 0 0 0 0 0 0 0 0 0 0 0 0 0 0 0 0 0 0 0 0 0 0 0 0 0 0 0 0 0 0 0 0 0 0 0 0 0 0 0 0 0 0 0 0 0 0 0 0 0 0 0 0 0 0 0 0 0 0 0 0 0 0 0 0 0 0 0 0 0 0 0 0 0 0 0 0 0 0 0 0 0 0 0 0 0 0 0 0 0 0 0 0 0 0 0 0 0 0 0 0 0 0 0 0 0 27 40 2 2 3 1 3 3 2 4 1 3 2 3 2 3 1 3 4 1 3 1 4 3 2 3 4 2 3 2 3 4 2 3 4 4 1 3 2 4 3 2 4 3 3 2 11 0 0 0 
0 0 0 0 0 0 0 0 0 0 0 0 0 0 0 0 0 0 0 0 0 0 0 0 0 0 0 0 0 0 0 0 0 0 0 0 0 0 0 0 0 0 0 0 0 0 0 0 0 0 0 0 0 0 0 0 0 0 0 0 0 0 0 0 0 0 0 0 0 0 0 0 0 0 0 0 0 0 0 0 0 0 0 0 0 0 0 0 0 0 0 0 0 0 0 0 0 0 0 0 0 0 0 0 0 0 0 0 0 0 0 0 0 0 0 0 0 0 0 0 0 0 0 0 0 0 0 0 0 0 0 0 0 0 0 0 0 0 0 0 0 9 20 20 54 1 2 3 2 4 3 1 3 2 3 1 4 2 4 2 3 2 3 4 2 4 2 4 4 2 3 5 2 4 2 3 5 3 4 3 3 3 4 5 2 3 5 2 3 11 3 5 0 
0 0 0 0 0 0 0 0 0 0 0 0 0 0 0 0 0 0 0 0 0 0 0 0 0 0 0 0 0 0 0 0 0 0 0 0 0 0 0 0 0 0 0 0 0 0 0 0 0 0 0 0 0 0 0 0 0 0 0 0 0 0 0 0 0 0 0 0 0 0 0 0 0 0 0 0 0 0 0 0 0 0 0 0 0 0 0 0 0 0 0 0 0 0 0 0 0 0 0 0 0 0 0 0 0 0 0 0 0 0 0 0 0 0 0 0 0 0 0 0 0 0 0 0 0 0 0 0 0 0 0 0 0 0 0 0 0 0 0 0 0 80 12 24 7 3 3 3 4 2 4 3 2 4 3 4 1 4 3 3 4 3 3 3 3 3 2 3 4 2 3 1 3 4 2 3 2 3 3 3 2 3 3 1 4 3 4 2 3 2 2 10 1 
0 0 0 0 0 0 0 0 0 0 0 0 0 0 0 0 0 0 0 0 0 0 0 0 0 0 0 0 0 0 0 0 0 0 0 0 0 0 0 0 0 0 0 0 0 0 0 0 0 0 0 0 0 0 0 0 0 0 0 0 0 0 0 0 0 0 0 0 0 0 0 0 0 0 0 0 0 0 0 0 0 0 0 0 0 0 0 0 0 0 0 0 0 0 0 0 0 0 0 0 0 0 0 0 0 0 0 0 0 0 0 0 0 0 0 0 0 0 0 0 0 0 0 0 0 0 0 0 0 0 0 0 0 0 0 0 0 0 0 0 0 12 23 3 2 3 2 2 2 3 2 3 2 3 2 2 2 3 2 1 4 2 2 3 2 3 2 2 2 3 2 3 2 2 2 3 2 2 2 3 3 2 2 3 2 3 2 3 2 4 5 4 0 
0 0 0 0 0 0 0 0 0 0 0 0 0 0 0 0 0 0 0 0 0 0 0 0 0 0 0 0 0 0 0 0 0 0 0 0 0 0 0 0 0 0 0 0 0 0 0 0 0 0 0 0 0 0 0 0 0 0 0 0 0 0 0 0 0 0 0 0 0 0 0 0 0 0 0 0 0 0 0 0 0 0 0 0 0 0 0 0 0 0 0 0 0 0 0 0 0 0 0 0 0 0 0 0 0 0 0 0 0 0 0 0 0 0 0 0 0 0 0 0 0 0 0 0 0 0 0 0 0 0 0 0 0 0 0 0 0 0 0 0 0 0 20 18 3 1 2 2 3 2 2 2 2 1 3 2 3 2 3 2 1 3 2 2 3 2 2 3 4 1 3 2 2 3 3 2 3 3 3 2 2 3 3 2 3 2 3 2 3 3 6 0 0 
0 0 0 0 0 0 0 0 0 0 0 0 0 0 0 0 0 0 0 0 0 0 0 0 0 0 0 0 0 0 0 0 0 0 0 0 0 0 0 0 0 0 0 0 0 0 0 0 0 0 0 0 0 0 0 0 0 0 0 0 0 0 0 0 0 0 0 0 0 0 0 0 0 0 0 0 0 0 0 0 0 0 0 0 0 0 0 0 0 0 0 0 0 0 0 0 0 0 0 0 0 0 0 0 0 0 0 0 0 0 0 0 0 0 0 0 0 0 0 0 0 0 0 0 0 0 0 0 0 0 0 0 0 0 0 0 0 0 0 0 0 0 0 18 17 2 3 2 2 2 3 2 3 2 3 2 3 2 2 3 2 3 3 3 2 3 2 2 1 3 3 2 2 2 3 2 2 2 3 2 3 3 2 3 2 2 3 3 3 9 0 0 0 
0 0 0 0 0 0 0 0 0 0 0 0 0 0 0 0 0 0 0 0 0 0 0 0 0 0 0 0 0 0 0 0 0 0 0 0 0 0 0 0 0 0 0 0 0 0 0 0 0 0 0 0 0 0 0 0 0 0 0 0 0 0 0 0 0 0 0 0 0 0 0 0 0 0 0 0 0 0 0 0 0 0 0 0 0 0 0 0 0 0 0 0 0 0 0 0 0 0 0 0 0 0 0 0 0 0 0 0 0 0 0 0 0 0 0 0 0 0 0 0 0 0 0 0 0 0 0 0 0 0 0 0 0 0 0 0 0 0 0 0 0 0 0 0 19 10 2 3 2 2 3 1 2 3 2 1 2 3 3 2 2 2 2 2 3 2 2 2 3 2 2 3 3 2 3 1 4 2 2 3 3 2 3 2 2 4 2 2 6 0 0 0 0 
0 0 0 0 0 0 0 0 0 0 0 0 0 0 0 0 0 0 0 0 0 0 0 0 0 0 0 0 0 0 0 0 0 0 0 0 0 0 0 0 0 0 0 0 0 0 0 0 0 0 0 0 0 0 0 0 0 0 0 0 0 0 0 0 0 0 0 0 0 0 0 0 0 0 0 0 0 0 0 0 0 0 0 0 0 0 0 0 0 0 0 0 0 0 0 0 0 0 0 0 0 0 0 0 0 0 0 0 0 0 0 0 0 0 0 0 0 0 0 0 0 0 0 0 0 0 0 0 0 0 0 0 0 0 0 0 0 0 0 0 0 0 0 0 0 51 2 3 1 4 1 4 2 3 3 2 4 1 3 3 2 4 1 3 3 2 3 2 4 2 3 3 3 2 3 2 2 3 2 3 2 2 3 3 2 2 4 1 11 0 0 0 0 
0 0 0 0 0 0 0 0 0 0 0 0 0 0 0 0 0 0 0 0 0 0 0 0 0 0 0 0 0 0 0 0 0 0 0 0 0 0 0 0 0 0 0 0 0 0 0 0 0 0 0 0 0 0 0 0 0 0 0 0 0 0 0 0 0 0 0 0 0 0 0 0 0 0 0 0 0 0 0 0 0 0 0 0 0 0 0 0 0 0 0 0 0 0 0 0 0 0 0 0 0 0 0 0 0 0 0 0 0 0 0 0 0 0 0 0 0 0 0 0 0 0 0 0 0 0 0 0 0 0 0 0 0 0 0 0 0 0 0 0 0 0 0 0 0 40 1 3 1 2 1 3 1 2 3 1 2 3 1 2 1 2 1 2 2 1 2 1 1 2 1 2 1 1 2 1 2 2 1 2 2 1 2 1 1 2 1 1 5 0 0 0 0 
